# File used : 52967538-6671-C748-9CEC-C21D276D640B.root


Event Number : 0
Idx  PdgId  Status  StatusFlag  genPartIdxMother     eta    mass     phi      pt
---- ------ ------- ----------- ------------------ -------- ------- -------- -------
   0      2      21       10625                 -1 26240.0000   0.000   0.0000 0.00000
   1     -1      21       10625                 -1 -22784.0000   0.000   0.0000 0.00000
   2     24      22        4481                  0   3.0547  79.750  -1.6250 92.50000
   3     25      22        4481                  0   3.9844 125.000   1.5156 92.50000
   4     24      44         257                  2   3.0859  79.750  -1.6133 90.50000
   5     25      44         257                  3   3.9375 125.000   1.4805 97.75000
   6     24      44         257                  4   3.0781  79.750  -1.6289 88.50000
   7     25      44         257                  5   3.9297 125.000   1.4922 99.25000
   8     24      44         257                  6   3.0781  79.750  -1.6289 88.50000
   9     25      44         257                  7   3.9297 125.000   1.4961 99.00000
  10     24      62       10497                  8   3.0781  79.750  -1.6328 89.50000
  11     25      62       10497                  9   3.9297 125.000   1.4883 98.50000
  12    -15      23       22913                 10   2.8125   0.000  -0.2290 30.31250
  13     16      23        4481                 10   2.7812   0.000  -1.9727 89.50000
  14    -15       2        8451                 12   2.8125   0.000  -0.2290 30.31250
  15     22       1       12289                 12   3.5312   0.000  -0.0301 0.00000
  16     16       1        8449                 13   2.7812   0.000  -1.9727 89.50000
  17     35      22       14721                 11   2.9219  20.000   0.3604 47.75000
  18     35      22       31105                 11   3.8359  20.000   1.9922 89.25000
  19      5      23       22913                 17   3.1641   0.000   0.6035 22.62500
  20     -5      23        4481                 17   2.6016   0.000   0.1538 26.37500
  21      5      51        8449                 19   3.1719   0.000   0.6270 20.37500
  22     -5      52        8449                 20   2.6094   0.000   0.1562 25.31250
  23     22       1       12673                 18   3.6875   0.000   1.9453 65.00000
  24     22       1       12673                 18   4.1406   0.000   2.1250 24.62500
  25   -511       2       12291                 19   3.1484   5.281   0.5938 20.56250
  26    533       2       28675                 19   2.6172   5.422   0.1499 24.37500
  27    -16       1       13884                 14   2.8516   0.000  -0.3115 5.96875
  28    211       1       13884                 14   2.8047   0.000  -0.1543 4.03125
  29    211       1       13884                 14   2.8359   0.000  -0.2793 2.92188
  30   -211       1       13884                 14   2.7969   0.000  -0.2095 17.43750
  31   -411       2       12354                 25   3.1172   0.000   0.4482 6.92188
  32    531       2       12354                 26   2.6172   5.359   0.1504 23.93750
  33    433       2       28738                 32   2.5938   2.109   0.1396 10.06250
  34   -421       2       12354                 32   2.6172   0.000   0.1533 13.50000
  35    431       2       12354                 33   2.5859   1.969   0.1294 9.06250

Event Number : 1
Idx  PdgId  Status  StatusFlag  genPartIdxMother     eta    mass     phi      pt
---- ------ ------- ----------- ------------------ -------- ------- -------- -------
   0      2      21       10625                 -1 23168.0000   0.000   0.0000 0.00000
   1     -1      21       10625                 -1 -22848.0000   0.000   0.0000 0.00000
   2     24      22        4481                  0   1.3750  84.000   0.4590 128.50000
   3     25      22        4481                  0   0.6367 125.000  -2.6797 128.50000
   4     24      44         257                  2   1.3398  84.000   0.4434 130.50000
   5     25      44         257                  3   0.5664 125.000  -2.6406 123.25000
   6     24      44         257                  4   1.3320  84.000   0.4404 129.00000
   7     25      44         257                  5   0.5801 125.000  -2.6406 127.50000
   8     24      44         257                  6   1.3125  84.000   0.4453 131.50000
   9     25      44         257                  7   0.5957 125.000  -2.6406 126.00000
  10     24      44         257                  8   1.3086  84.000   0.4521 131.50000
  11     25      44         257                  9   0.5977 125.000  -2.6562 126.75000
  12     24      62       10497                 10   1.3164  84.000   0.4600 130.00000
  13     25      62       10497                 11   0.5938 125.000  -2.6641 127.25000
  14    -15       2       12675                 12   0.4268   0.000   0.8066 45.50000
  15     16       1       12673                 12   1.5781   0.000   0.2852 88.75000
  16     35      22       14721                 13   0.1953  20.000  -2.8906 126.25000
  17     35      22       31105                 13   1.4102  20.000  -1.2422 28.62500
  18      5      23       22913                 16   0.4072   0.000  -2.9531 33.25000
  19     -5      23        4481                 16   0.1162   0.000  -2.8594 93.00000
  20     22       1       12673                 17   1.5078   0.000  -1.2656 26.37500
  21     22       1       12673                 17  -0.6016   0.000  -0.9785 2.35156
  22    421       2       12291                 -1   5.6094   0.000  -0.8242 3.20312
  23      5      71        8449                 18   0.3018   0.000  -2.9141 29.37500
  24     -5      71        8449                 19   0.1189   0.000  -2.8672 78.75000
  25   -513       2       28675                 18   0.2764   5.328  -2.9531 41.37500
  26    533       2       28675                 18   0.1230   5.422  -2.8594 80.50000
  27  -4214       2       12291                 -1   5.1094   2.516   1.8867 1.42188
  28    -16       1       13884                 14   0.3799   0.000   0.7910 11.50000
  29    -11       1       13884                 14   0.5078   0.000   0.7168 2.32031
  30     12       1       13884                 14   0.4365   0.000   0.8184 31.68750
  31   -511       2       12354                 25   0.2764   5.281  -2.9531 40.62500
  32    531       2       12354                 26   0.1233   5.359  -2.8594 79.00000
  33  -4122       2       12354                 27   5.2500   2.289   1.8281 1.10938
  34    413       2       12354                 31   0.2559   2.008  -2.9766 19.31250
  35   -433       2       28738                 32   0.1194   2.109  -2.8672 54.50000
  36    421       2       12354                 34   0.2549   0.000  -2.9766 18.31250
  37   -431       2       12354                 35   0.1204   1.969  -2.8672 53.00000
  38    111       2       28738                 32   0.1406   0.000  -2.8125 15.96875
  39     22       1       12352                 38   0.1470   0.000  -2.8125 10.37500

Event Number : 2
Idx  PdgId  Status  StatusFlag  genPartIdxMother     eta    mass     phi      pt
---- ------ ------- ----------- ------------------ -------- ------- -------- -------
   0      2      21       10625                 -1 23040.0000   0.000   0.0000 0.00000
   1     -3      21       10625                 -1 -22848.0000   0.000   0.0000 0.00000
   2     24      22        4481                  0   0.7871  79.750  -0.7051 101.25000
   3     25      22        4481                  0   1.0000 125.000   2.4375 101.25000
   4     24      44         257                  2   0.7793  79.750  -0.6777 102.75000
   5     25      44         257                  3   0.9844 125.000   2.4062 99.50000
   6     24      44         257                  4   0.7656  79.750  -0.6641 100.00000
   7     25      44         257                  5   0.9824 125.000   2.3906 102.75000
   8     24      44         257                  6   0.7734  79.750  -0.6582 102.25000
   9     25      44         257                  7   0.9805 125.000   2.3828 100.25000
  10     24      44         257                  8   0.7852  79.750  -0.6602 101.00000
  11     25      44         257                  9   0.9648 125.000   2.3828 102.00000
  12     24      44         257                 10   0.7891  79.750  -0.6602 100.50000
  13     25      44         257                 11   0.9629 125.000   2.3828 102.25000
  14     24      62       10497                 12   0.7891  79.750  -0.6582 100.50000
  15     25      62       10497                 13   0.9629 125.000   2.3828 102.50000
  16     22       1        8193                 -1   4.4688   0.000  -0.8379 1.52344
  17    -11       1       12673                 14  -1.0625   0.000  -0.2456 11.71875
  18     12       1       12673                 14   0.9785   0.000  -0.7109 90.00000
  19     35      22       14721                 15   0.8672  20.000   0.5410 36.62500
  20     35      22       31105                 15   0.6250  20.000   2.6875 117.75000
  21      5      23       12673                 19   0.6309   0.000  -0.0098 15.21875
  22     -5      23       12673                 19   0.9004   0.000   0.8652 25.00000
  23     22       1       12673                 20   0.5996   0.000   2.7578 100.25000
  24     22       1       12673                 20   0.7090   0.000   2.3125 19.25000
  25   -513       2       28675                 21   0.6602   5.328   0.0328 14.71875
  26    523       2       28675                 21   0.8945   5.328   0.8457 24.43750
  27   -511       2       12354                 25   0.6562   5.281   0.0336 14.59375
  28    521       2       12354                 26   0.8926   5.281   0.8438 24.12500
  29    413       2       12354                 27   0.7891   2.008  -0.0095 10.59375
  30   -421       2       12354                 28   0.9629   0.000   0.9355 6.79688
  31    421       2       12354                 29   0.7871   0.000  -0.0069 9.81250

Event Number : 3
Idx  PdgId  Status  StatusFlag  genPartIdxMother     eta    mass     phi      pt
---- ------ ------- ----------- ------------------ -------- ------- -------- -------
   0     -2      21       10625                 -1 23360.0000   0.000   0.0000 0.00000
   1      1      21       10625                 -1 -22784.0000   0.000   0.0000 0.00000
   2    -24      22        4481                  0   2.5703  75.500  -0.4912 34.12500
   3     25      22        4481                  0   3.1406 125.000   2.6484 34.12500
   4    -24      44         257                  2   2.7266  75.500  -0.4131 30.56250
   5     25      44         257                  3   3.0078 125.000   2.5469 40.62500
   6    -24      44         257                  4   2.6406  75.500  -0.3867 34.37500
   7     25      44         257                  5   3.1172 125.000   2.4844 35.37500
   8    -24      44         257                  6   2.6484  75.500  -0.3926 34.12500
   9     25      44         257                  7   3.1094 125.000   2.4922 35.75000
  10    -24      44         257                  8   2.6406  75.500  -0.3809 34.12500
  11     25      44         257                  9   3.1016 125.000   2.4766 35.75000
  12    -24      44         257                 10   2.6484  75.500  -0.3809 34.12500
  13     25      44         257                 11   3.1016 125.000   2.4766 35.87500
  14    -24      62       10497                 12   2.6484  75.500  -0.4004 33.75000
  15     25      62       10497                 13   3.1016 125.000   2.5078 36.12500
  16     15       2       12675                 14   0.9824   0.000  -0.1948 36.75000
  17    -16       1       12673                 14   3.9141   0.000  -2.2656 7.82812
  18     35      22       14721                 15   1.0742  20.000   2.1250 49.75000
  19     35      22       31105                 15   3.4531  20.000  -1.7148 21.18750
  20      5      23       22913                 18   0.7930   0.000   2.4297 22.56250
  21     -5      23        4481                 18   1.2148   0.000   1.8867 29.00000
  22     22       1       12673                 19   3.1250   0.000  -1.8789 24.31250
  23     22       1       12673                 19   3.1719   0.000   0.4619 4.84375
  24      5      71        8449                 20   0.8887   0.000   2.2812 18.68750
  25     -5      71        8449                 21   1.2109   0.000   1.8984 23.25000
  26   -523       2       28675                 20   0.9082   5.328   2.2422 20.62500
  27    533       2       28675                 20   1.2109   5.422   1.9453 22.06250
  28     21      71        8193                 -1   2.0781   0.000  -1.2539 6.25000
  29     21      71        8193                 -1   0.0292   0.000   3.0391 5.73438
  30     16       1       13884                 16   1.0234   0.000  -0.2051 12.21875
  31   -211       1       13884                 16   1.0039   0.000  -0.2402 3.89062
  32   -211       1       13884                 16   0.9941   0.000  -0.1714 7.51562
  33    211       1       13884                 16   0.9297   0.000  -0.1851 13.15625
  34   -521       2       12354                 26   0.9102   5.281   2.2344 20.43750
  35    531       2       12354                 27   1.2070   5.359   1.9453 21.87500
  36    -12       1       12352                 34   0.9023   0.000   2.8906 1.51562
  37     11       1       12352                 34   0.8555   0.000   2.1953 13.15625
  38    423       2       12354                 34   0.9863   2.008   2.1797 6.10938
  39   -431       2       12354                 35   1.2109   1.969   1.9180 11.40625
  40     11       1       12352                 28  -0.7988   0.000   0.9668 0.02289
  41    -11       1       12352                 28  -0.5234   0.000   1.0352 0.12891
  42    421       2       12354                 38   0.9902   0.000   2.1797 5.79688

Event Number : 4
Idx  PdgId  Status  StatusFlag  genPartIdxMother     eta    mass     phi      pt
---- ------ ------- ----------- ------------------ -------- ------- -------- -------
   0      2      21       10625                 -1 23040.0000   0.000   0.0000 0.00000
   1     -1      21       10625                 -1 -22784.0000   0.000   0.0000 0.00000
   2     24      22        4481                  0   2.2109  79.000   2.9141 31.93750
   3     25      22        4481                  0   2.0078 125.000  -0.2314 31.93750
   4     24      44         257                  2   2.2500  79.000   2.8672 30.75000
   5     25      44         257                  3   1.9766 125.000  -0.1938 33.12500
   6     24      44         257                  4   2.2266  79.000   2.8516 31.62500
   7     25      44         257                  5   1.9961 125.000  -0.1777 32.37500
   8     24      44         257                  6   2.2266  79.000   2.8516 31.68750
   9     25      44         257                  7   2.0000 125.000  -0.1802 32.37500
  10     24      62       10497                  8   2.2266  79.000   2.8672 31.75000
  11     25      62       10497                  9   2.0156 125.000  -0.2056 31.75000
  12    -11       1       12673                 10   0.8457   0.000  -2.9766 47.62500
  13     12       1       12673                 10   2.1719   0.000   0.7793 23.12500
  14     35      22       14721                 11   1.6133  20.000   2.3438 37.62500
  15     35      22       31105                 11   0.3916  20.000  -0.5293 66.25000
  16      5      23       12673                 14   2.0938   0.000  -2.8359 4.03125
  17     -5      23       12673                 14   1.4727   0.000   2.2422 36.00000
  18     22       1       12673                 15   0.7031   0.000  -0.4316 28.50000
  19     22       1       12673                 15   0.1284   0.000  -0.6016 38.00000
  20   -521       2       12291                 16   2.0703   5.281  -2.9766 4.06250
  21    511       2       12291                 16   1.4883   5.281   2.2500 35.12500
  22    -12       1       12352                 20   1.9141   0.000  -2.9375 3.43750
  23     11       1       12352                 20   1.5195   0.000  -1.9258 0.36426
  24     14       1       12352                 21   1.1094   0.000   2.1406 2.68750
  25    -13       1       12352                 21   1.4414   0.000   2.2344 14.65625
  26   -413       2       28738                 21   1.5664   2.008   2.2734 17.81250
  27    413       2       12354                 20   2.5469   2.008   2.7734 0.41016
  28   -411       2       12354                 26   1.5625   0.000   2.2734 17.56250
  29    421       2       12354                 27   2.4766   0.000   2.7422 0.41406

Event Number : 5
Idx  PdgId  Status  StatusFlag  genPartIdxMother     eta    mass     phi      pt
---- ------ ------- ----------- ------------------ -------- ------- -------- -------
   0     -1      21       14721                 -1 23104.0000   0.000   0.0000 0.00000
   1      2      21       10625                 -1 -22848.0000   0.000   0.0000 0.00000
   2     24      22        4481                  0   0.5332  83.500  -0.9883 87.50000
   3     25      22        4481                  0   1.6055 125.000   2.1562 87.50000
   4     24      44         257                  2   0.5234  83.500  -0.9922 90.75000
   5     25      44         257                  3   1.7227 125.000   2.1641 79.25000
   6     -4      31       20481                 -1 22784.0000   0.000   0.0000 0.00000
   7     24      44         257                  4   0.5332  83.500  -1.0117 94.50000
   8     25      44         257                  5   1.7227 125.000   2.1797 77.25000
   9     24      44         257                  7   0.5391  83.500  -0.9941 94.50000
  10     25      44         257                  8   1.7266 125.000   2.1250 77.25000
  11     24      44         257                  9   0.5488  83.500  -0.9902 93.50000
  12     25      44         257                 10   1.7031 125.000   2.1172 79.25000
  13     24      44         257                 11   0.5527  83.500  -0.9863 93.25000
  14     25      44         257                 12   1.6914 125.000   2.1094 80.25000
  15     -4      44           1                  6   1.7891   0.000   1.2617 12.09375
  16      4      44       16385                 -1   0.9004   0.000  -2.6562 3.65625
  17     24      62       10497                 13   0.5566  83.500  -0.9551 93.50000
  18     25      62       10497                 14   1.6875 125.000   2.0938 80.50000
  19    -13       1       12673                 17   1.0234   0.000   0.1135 33.62500
  20     14       1       12673                 17   0.1675   0.000  -1.3203 82.75000
  21     35      22       14721                 18   1.3125  20.000   1.9961 107.25000
  22     35      22       31105                 18   0.8125  20.000  -1.4102 28.12500
  23      5      23       12673                 21   1.4766   0.000   1.7148 18.37500
  24     -5      23       12673                 21   1.2656   0.000   2.0547 89.75000
  25     22       1       12673                 22   0.8633   0.000  -1.2227 26.87500
  26     22       1       12673                 22  -0.1509   0.000  -2.6484 5.26562
  27   -513       2       28675                 23   1.4648   5.328   1.7891 17.50000
  28    523       2       28675                 23   1.2734   5.328   2.0547 80.75000
  29   -413       2       12291                 15   1.8828   2.008   1.1992 8.31250
  30      1      71        8193                 -1  -1.0664   0.000   1.6875 0.45312
  31     -1      71        8193                 -1  -6.0469   0.000   0.4111 1.88281
  32    423       2       28675                 16   1.5195   2.008  -3.0078 2.28906
  33   -511       2       12354                 27   1.4648   5.281   1.7891 17.50000
  34    521       2       12354                 28   1.2734   5.281   2.0547 80.50000
  35   -421       2       12354                 29   1.8828   0.000   1.2031 7.73438
  36    421       2       12354                 32   1.5352   0.000  -2.9531 2.18750
  37    413       2       12354                 33   1.5195   2.008   1.7422 6.43750
  38    431       2       12354                 34   1.3242   1.969   2.0391 31.00000
  39   -423       2       28738                 34   1.2383   2.008   2.0625 49.62500
  40     11       1       12352                  6  -1.9453   0.000  -1.3555 0.21777
  41    -11       1       12352                  6  -1.9219   0.000  -1.3555 0.06042
  42    421       2       12354                 37   1.5195   0.000   1.7461 5.90625
  43   -421       2       12354                 39   1.2383   0.000   2.0625 49.62500
  44     11       1       12352                 43   1.1680   0.000   2.1172 5.04688
  45    -12       1       12352                 43   1.2578   0.000   2.0859 9.43750
  46    111       2       28738                 43   1.2422   0.000   2.0391 26.25000
  47     22       1       12352                 46   1.2422   0.000   2.0391 25.87500

Event Number : 6
Idx  PdgId  Status  StatusFlag  genPartIdxMother     eta    mass     phi      pt
---- ------ ------- ----------- ------------------ -------- ------- -------- -------
   0      1      21       10625                 -1 22848.0000   0.000   0.0000 0.00000
   1     -2      21       14721                 -1 -22848.0000   0.000   0.0000 0.00000
   2    -24      22        4481                  0  -0.9102  80.500   3.1328 16.75000
   3     25      22        4481                  0   1.3672 125.000  -0.0115 16.75000
   4    -24      44         257                  2  -0.8789  80.500   2.6250 18.31250
   5     25      44         257                  3   1.2031 125.000   0.4502 19.43750
   6    -24      44         257                  4  -1.0469  80.500   2.5078 15.25000
   7     25      44         257                  5   1.0859 125.000   0.3789 22.68750
   8    -24      44         257                  6  -1.0547  80.500   2.6641 14.71875
   9     25      44         257                  7   1.2383 125.000   0.1543 19.43750
  10    -24      44         257                  8  -1.0391  80.500   2.6562 15.03125
  11     25      44         257                  9   1.2461 125.000   0.1665 19.25000
  12    -24      44         257                 10  -1.0234  80.500   2.6875 15.34375
  13     25      44         257                 11   1.3086 125.000   0.1367 17.93750
  14    -24      62       10497                 12  -1.0547  80.500   2.7188 14.65625
  15     25      62       10497                 13   1.2656 125.000   0.0435 18.81250
  16     11       1       12673                 14   0.3711   0.000   0.9902 32.75000
  17    -12       1       12673                 14  -0.7441   0.000  -2.5391 37.87500
  18     35      22       14721                 15  -0.5547  20.000  -0.1743 49.00000
  19     35      22       31105                 15   1.4062  20.000   2.8359 30.93750
  20      5      23       12673                 18  -0.5273   0.000  -0.1238 47.12500
  21     -5      23       12673                 18  -0.7656   0.000  -1.0352 3.12500
  22     22       1       12673                 19   1.2461   0.000   2.9219 33.25000
  23     22       1       12673                 19   1.3477   0.000   0.5840 3.53906
  24   -521       2       12291                 20  -0.5293   5.281  -0.1226 44.87500
  25    523       2       28675                 20  -0.7695   5.328  -0.8184 3.70312
  26      1      71        8193                 -1  -4.5781   0.000   2.8984 18.87500
  27   -413       2       12354                 24  -0.5273   2.008  -0.0996 13.40625
  28    413       2       12354                 24  -0.4980   2.008  -0.1218 23.87500
  29    521       2       12354                 25  -0.7578   5.281  -0.8125 3.67969
  30   -421       2       12354                 27  -0.5273   0.000  -0.1018 12.56250
  31    421       2       12354                 28  -0.4980   0.000  -0.1235 22.00000
  32   -423       2       12354                 29  -0.6680   2.008   0.9316 1.00391
  33   -421       2       12354                 32  -0.6816   0.000   0.9316 0.88672

Event Number : 7
Idx  PdgId  Status  StatusFlag  genPartIdxMother     eta    mass     phi      pt
---- ------ ------- ----------- ------------------ -------- ------- -------- -------
   0     -2      21       14721                 -1 22784.0000   0.000   0.0000 0.00000
   1      1      21       10625                 -1 -23424.0000   0.000   0.0000 0.00000
   2    -24      22        4481                  0  -2.4766  78.000  -1.9570 56.62500
   3     25      22        4481                  0  -2.3047 125.000   1.1836 56.62500
   4    -24      44         257                  2  -2.4844  78.000  -1.9219 54.75000
   5     25      44         257                  3  -2.2578 125.000   1.1094 61.12500
   6    -24      44         257                  4  -2.5156  78.000  -1.9023 52.87500
   7     25      44         257                  5  -2.2266 125.000   1.0977 63.00000
   8    -24      44         257                  6  -2.5156  78.000  -1.8984 53.00000
   9     25      44         257                  7  -2.2266 125.000   1.0898 62.62500
  10    -24      62       10497                  8  -2.5156  78.000  -1.9102 53.12500
  11     25      62       10497                  9  -2.2344 125.000   1.1016 62.37500
  12     11      23       22913                 10  -2.7656   0.000  -2.0625 40.87500
  13    -12      23        4481                 10  -0.2715   0.000  -1.4531 14.18750
  14     11       1        8449                 12  -2.7656   0.000  -2.0547 32.12500
  15     22       1       12289                 12  -2.7500   0.000  -2.0781 8.71875
  16    -12       1        8449                 13  -0.2715   0.000  -1.4531 14.18750
  17     35      22       14721                 11  -2.0312  20.000   1.0977 76.25000
  18     35      22       31105                 11  -0.2202  20.000  -2.0547 13.81250
  19      5      23       12673                 17  -1.8086   0.000   0.9277 33.50000
  20     -5      23       12673                 17  -2.1562   0.000   1.2266 43.50000
  21     22       1       12673                 18   0.0874   0.000  -1.9531 18.00000
  22     22       1       12673                 18  -0.9062   0.000   1.5117 4.48438
  23   -523       2       28675                 19  -1.8359   5.328   0.9434 29.75000
  24    511       2       12291                 19  -2.1406   5.281   1.2188 36.87500
  25      2      71        8193                 -1  -1.1250   0.000  -1.8633 1.10938
  26   2203      71        8193                 -1  -8.7500   0.771   0.1199 0.43750
  27      2      71        8193                 -1   6.1406   0.000  -0.8906 0.52539
  28     -2      71        8193                 -1  -8.2500   0.000  -0.0125 0.42285
  29      2      71        8193                 -1   1.6758   0.000  -2.6484 8.34375
  30     -1      71        8193                 -1  -7.8750   0.000  -0.1558 0.56250
  31   -521       2       12354                 23  -1.8359   5.281   0.9453 29.43750
  32     14       1       12352                 24  -2.2266   0.000   1.2617 15.09375
  33    -13       1       12352                 24  -2.0078   0.000   1.3477 5.46875
  34   -413       2       12354                 24  -2.0938   2.008   1.1328 16.37500
  35     11       1       12352                 25  -1.9023   0.000  -0.5762 0.20312
  36    -11       1       12352                 25  -1.8359   0.000  -0.5488 0.28125
  37     11       1       12352                 29   0.6680   0.000   1.8281 0.00446
  38    -11       1       12352                 29   0.4619   0.000   2.4688 0.08789
  39    -12       1       12352                 31  -1.7461   0.000   0.9199 8.50000
  40     11       1       12352                 31  -1.7500   0.000   1.1992 4.50000
  41   -411       2       12354                 34  -2.0938   0.000   1.1328 15.53125
  42     11       1       12352                 27   1.3086   0.000   2.2500 0.00314
  43    -11       1       12352                 27   2.7734   0.000  -2.6953 0.04663
  44    423       2       12354                 31  -1.9336   2.008   0.8477 10.78125
  45    421       2       12354                 44  -1.9336   0.000   0.8477 9.81250

Event Number : 8
Idx  PdgId  Status  StatusFlag  genPartIdxMother     eta    mass     phi      pt
---- ------ ------- ----------- ------------------ -------- ------- -------- -------
   0      1      21       10625                 -1 23040.0000   0.000   0.0000 0.00000
   1     -2      21       10625                 -1 -22784.0000   0.000   0.0000 0.00000
   2    -24      22        4481                  0   1.1172  81.000  -2.5391 42.25000
   3     25      22        4481                  0   2.3047 125.000   0.6055 42.25000
   4    -24      44         257                  2   1.1016  81.000  -2.9531 38.00000
   5     25      44         257                  3   2.1562 125.000   0.8418 49.37500
   6    -24      44         257                  4   1.1133  81.000  -2.8516 38.87500
   7     25      44         257                  5   2.3516 125.000   0.6523 41.50000
   8    -24      44         257                  6   1.0742  81.000  -2.8516 40.87500
   9     25      44         257                  7   2.5078 125.000   0.7012 35.87500
  10    -24      44         257                  8   1.0703  81.000  -2.8438 41.12500
  11     25      44         257                  9   2.5391 125.000   0.6855 34.75000
  12    -24      62       10497                 10   1.0664  81.000  -2.8281 41.25000
  13     25      62       10497                 11   2.5547 125.000   0.6836 34.12500
  14     11      23       22913                 12   0.6250   0.000  -1.6211 43.00000
  15    -12      23        4481                 12   0.4834   0.000   2.4531 47.75000
  16     11       1        8449                 14   0.6250   0.000  -1.6211 43.00000
  17     22       1       12289                 14   0.8809   0.000  -0.7715 0.00309
  18    -12       1        8449                 15   0.4834   0.000   2.4531 47.75000
  19     35      22       14721                 13   0.6035  20.000   2.0391 44.62500
  20     35      22       31105                 13   2.0391  20.000  -0.3721 50.00000
  21      5      23        4481                 19   0.2588   0.000   1.5859 14.50000
  22     -5      23       22913                 19   0.7090   0.000   2.2422 32.25000
  23     22       1       12673                 20   2.4219   0.000   0.3135 9.65625
  24     22       1       12673                 20   1.8672   0.000  -0.5156 43.00000
  25      5      71        8449                 21   0.2764   0.000   1.6055 13.34375
  26     -5      71        8449                 22   0.7832   0.000   2.1797 23.81250
  27   -533       2       28675                 22   0.3252   5.422   1.6875 12.68750
  28    513       2       28675                 22   0.7441   5.328   2.2031 23.75000
  29     21      71        8193                 -1  -0.6035   0.000  -1.5352 21.68750
  30   -531       2       12354                 27   0.3271   5.359   1.6914 12.53125
  31    511       2       12354                 28   0.7441   5.281   2.2031 23.68750
  32    433       2       28738                 30   0.3135   2.109   1.7969 5.45312
  33    423       2       12354                 31   0.7695   2.008   2.2188 7.75000
  34   -421       2       12354                 31   0.7578   0.000   2.1953 10.75000
  35    431       2       12354                 32   0.3027   1.969   1.7734 4.95312
  36    421       2       12354                 33   0.7734   0.000   2.2188 7.04688
  37     13       1       12352                 34   0.8164   0.000   1.9688 1.52734
  38    -14       1       12352                 34   0.5547   0.000   2.4531 1.23047

Event Number : 9
Idx  PdgId  Status  StatusFlag  genPartIdxMother     eta    mass     phi      pt
---- ------ ------- ----------- ------------------ -------- ------- -------- -------
   0     -1      21       10625                 -1 22784.0000   0.000   0.0000 0.00000
   1      2      21       10625                 -1 -23488.0000   0.000   0.0000 0.00000
   2     24      22        4481                  0  -1.8984  80.250   0.4170 107.75000
   3     25      22        4481                  0  -1.9258 125.000  -2.7266 107.75000
   4     24      44         257                  2  -1.8398  80.250   0.4971 112.75000
   5     25      44         257                  3  -1.8555 125.000  -2.8516 101.75000
   6     24      44         257                  4  -1.8438  80.250   0.4932 114.00000
   7     25      44         257                  5  -1.8594 125.000  -2.8516 99.75000
   8     24      62       10497                  6  -1.8438  80.250   0.4922 114.25000
   9     25      62       10497                  7  -1.8594 125.000  -2.8516 99.50000
  10    -15      23       22913                  8  -0.9121   0.000   0.2207 45.87500
  11     16      23        4481                  8  -2.1641   0.000   0.6660 71.00000
  12    -15       2        8451                 10  -0.9121   0.000   0.2207 45.87500
  13     22       1       12289                 10  -0.7383   0.000   0.4316 0.00000
  14     16       1        8449                 11  -2.1641   0.000   0.6660 71.00000
  15     35      22       14721                  9  -0.0573  20.000   2.2969 14.68750
  16     35      22       31105                  9  -1.9062  20.000  -2.7109 94.25000
  17      5      23       12673                 15   1.3828   0.000   1.0469 3.32812
  18     -5      23       12673                 15  -0.4844   0.000   2.5234 14.00000
  19     22       1       12673                 16  -1.9609   0.000  -2.4219 31.68750
  20     22       1       12673                 16  -1.8477   0.000  -2.8516 64.50000
  21   -523       2       28675                 -1  -4.4688   5.328   1.3789 6.01562
  22   -531       2       12291                 17   1.3008   5.359   1.0781 3.16406
  23    513       2       28675                 17  -0.4863   5.328   2.5156 13.00000
  24      2      71        8193                 -1   3.6562   0.000  -2.3359 1.12500
  25     -2      71        8193                 -1  -7.1562   0.000  -2.0234 0.28711
  26    521       2       12291                 -1  -3.2891   5.281  -2.9844 6.81250
  27      2      71        8193                 -1  -7.9844   0.000  -1.8672 0.72656
  28     21      71        8193                 -1   4.3750   0.000   1.8164 6.50000
  29      1      71        8193                 -1   3.7344   0.000   2.9141 0.17188
  30      1      71        8193                 -1  -4.7656   0.000   0.6523 1.19141
  31    -16       1       13884                 12  -0.9043   0.000   0.2734 12.96875
  32    111       2       30270                 12  -0.9199   0.000   0.1938 27.62500
  33    211       1       13884                 12  -0.8809   0.000   0.2305 5.29688
  34   -521       2       12354                 21  -4.4688   5.281   1.3828 5.93750
  35   -431       2       12354                 22   2.1016   1.969   0.5098 0.63281
  36    411       2       12354                 22   0.9414   0.000   1.2031 2.12500
  37    511       2       12354                 23  -0.4834   5.281   2.5156 12.84375
  38   -423       2       12354                 26  -3.5703   2.008  -2.8984 3.26562
  39     13      91       20544                 27   5.7656   0.000   0.2871 0.41699
  40    -13      91        4160                 27   4.6719   0.000  -0.6543 0.82031
  41     13       1        8256                 39   5.7656   0.000   0.2871 0.41699
  42    -13       1        8256                 40   4.6719   0.000  -0.6543 0.82031
  43     11       1       12352                 27   4.4688   0.000   0.1699 0.28906
  44    -11       1       12352                 27   4.4688   0.000   0.1729 0.47168
  45     11       1       12352                 24   4.2031   0.000  -2.2969 0.11108
  46    -11       1       12352                 24   4.2812   0.000  -2.3516 0.01953
  47     22       1       12876                 32  -0.9219   0.000   0.2012 7.96875
  48     22       1       12876                 32  -0.9180   0.000   0.1909 19.68750
  49    423       2       12354                 34  -4.3906   2.008   0.8379 2.87500
  50    -11       1       12352                 36   0.4062   0.000   0.4268 0.59766
  51     12       1       12352                 36  -0.6973   0.000  -1.2031 0.06812
  52     12       1       12352                 37  -0.6719   0.000   2.6328 6.48438
  53    -11       1       12352                 37  -1.1523   0.000   2.2578 0.44531
  54   -421       2       12354                 38  -3.5781   0.000  -2.8906 2.96875
  55    421       2       12354                 49  -4.3906   0.000   0.8516 2.69531
  56   -423       2       12354                 37  -0.2148   2.008   2.4297 5.15625
  57   -421       2       12354                 56  -0.2153   0.000   2.4297 4.90625

Event Number : 10
Idx  PdgId  Status  StatusFlag  genPartIdxMother     eta    mass     phi      pt
---- ------ ------- ----------- ------------------ -------- ------- -------- -------
   0      2      21       10625                 -1 22976.0000   0.000   0.0000 0.00000
   1     -1      21       10625                 -1 -22848.0000   0.000   0.0000 0.00000
   2     24      22        4481                  0   0.3164  74.750  -0.9707 66.00000
   3     25      22        4481                  0   1.3555 125.000   2.1719 66.00000
   4     24      44         257                  2   0.3311  74.750  -0.9141 72.25000
   5     25      44         257                  3   1.3594 125.000   2.1172 61.00000
   6     24      44         257                  4   0.3350  74.750  -0.9336 72.75000
   7     25      44         257                  5   1.3984 125.000   2.1641 59.37500
   8     -4      41       20481                 -1  32.6250   0.000  -1.9102 0.00000
   9     24      62       10497                  6   0.3447  74.750  -0.9102 73.50000
  10     25      62       10497                  7   1.3867 125.000   2.1250 59.50000
  11    -13       1       12673                  9  -0.6797   0.000  -2.6562 16.87500
  12     14       1       12673                  9   0.4717   0.000  -0.6953 78.00000
  13     35      22       14721                 10  -0.6230  20.000  -2.9062 25.00000
  14     35      22       31105                 10   1.5547  20.000   1.6953 56.87500
  15      5      23       12673                 13   0.1082   0.000  -1.7227 4.42188
  16     -5      23       12673                 13  -0.6699   0.000  -3.0859 23.68750
  17     22       1       12673                 14   2.3516   0.000   2.0078 6.79688
  18     22       1       12673                 14   1.3711   0.000   1.6523 50.50000
  19    421       2       12291                  8  -1.4766   0.000  -1.2734 1.39062
  20   -523       2       28675                 15   0.0139   5.328  -1.9492 4.89062
  21    523       2       28675                 15  -0.6680   5.328  -3.0859 22.25000
  22      2      71        8193                 -1  -8.1562   0.000   2.9141 1.13281
  23     21      71        8193                 -1  -0.5312   0.000   2.7109 13.25000
  24     -4      71        8193                  8   2.8984   0.000  -1.4492 4.48438
  25   -413       2       12291                  8   2.9141   2.008  -1.3906 4.10938
  26   -521       2       12354                 20   0.0159   5.281  -1.9570 4.87500
  27    521       2       12354                 21  -0.6680   5.281  -3.0781 22.06250
  28   -421       2       12354                 25   2.9219   0.000  -1.3867 3.72656
  29     11       1       12352                  8   1.4883   0.000  -1.5508 0.16406
  30    -11       1       12352                  8   1.4883   0.000  -1.5547 0.72266
  31    -12       1       12352                 26  -1.2852   0.000   2.5078 0.48340
  32     11       1       12352                 26  -0.2095   0.000   2.4453 0.56250
  33    421       2       12354                 26   0.1899   0.000  -1.7656 5.25000
  34   -421       2       12354                 27  -0.7422   0.000   3.1172 14.71875
  35     11       1       12352                  8   0.0298   0.000  -1.2305 0.13330
  36    -11       1       12352                  8   0.0504   0.000  -1.2305 0.31641

Event Number : 11
Idx  PdgId  Status  StatusFlag  genPartIdxMother     eta    mass     phi      pt
---- ------ ------- ----------- ------------------ -------- ------- -------- -------
   0     -1      21       10625                 -1 22784.0000   0.000   0.0000 0.00000
   1      2      21       10625                 -1 -23040.0000   0.000   0.0000 0.00000
   2     24      22        4481                  0  -0.8672  80.250  -1.4219 18.43750
   3     25      22        4481                  0  -3.1250 125.000   1.7227 18.43750
   4     24      44         257                  2  -0.9453  80.250  -1.4922 14.21875
   5     25      44         257                  3  -3.0000 125.000   1.7461 20.75000
   6     24      44         257                  4  -0.8418  80.250  -1.5508 16.93750
   7     25      44         257                  5  -3.0625 125.000   1.7812 19.37500
   8     24      44         257                  6  -0.8223  80.250  -1.6797 17.56250
   9     25      44         257                  7  -3.0547 125.000   1.8438 19.37500
  10     24      44         257                  8  -0.8281  80.250  -1.7148 17.56250
  11     25      44         257                  9  -3.0000 125.000   1.9688 20.62500
  12     24      44         257                 10  -0.8203  80.250  -1.7383 17.75000
  13     25      44         257                 11  -2.9766 125.000   2.0625 21.06250
  14     24      62       10497                 12  -0.8379  80.250  -1.7539 17.25000
  15     25      62       10497                 13  -2.9375 125.000   2.0391 22.00000
  16    -11      23       22913                 14   0.2412   0.000  -0.8535 40.62500
  17     12      23        4481                 14  -0.7305   0.000   2.7109 32.75000
  18    -11       1        8449                 16   0.2412   0.000  -0.8535 40.62500
  19     22       1       12289                 16   0.2280   0.000  -0.8730 0.00388
  20     12       1        8449                 17  -0.7305   0.000   2.7109 32.75000
  21     35      22       14721                 15  -0.7305  20.000  -2.3047 45.75000
  22     35      22       31105                 15  -1.8047  20.000   1.1992 57.37500
  23      5      23       12673                 21  -0.5586   0.000  -2.0234 28.00000
  24     -5      23       12673                 21  -0.8672   0.000  -2.7031 20.43750
  25     22       1       12673                 22  -1.7734   0.000   2.2188 6.53125
  26     22       1       12673                 22  -1.7500   0.000   1.0977 54.25000
  27   -511       2       12291                 23  -0.5703   5.281  -2.0469 27.06250
  28    521       2       12291                 23  -0.8613   5.281  -2.6875 19.56250
  29      3      71        8193                 -1  -7.3438   0.000   1.1211 0.45508
  30     21      71        8193                 -1  -0.2871   0.000  -1.3242 5.23438
  31     -3      71        8193                 -1  -5.2344   0.000   1.9805 1.85938
  32   -423       2       28738                 27  -0.5527   2.008  -2.0078 14.31250
  33    411       2       12354                 27  -0.5508   0.000  -2.0547 8.96875
  34     12       1       12352                 28  -1.7617   0.000  -2.5312 0.71680
  35    -11       1       12352                 28  -0.7168   0.000  -2.6562 10.75000
  36   -423       2       28738                 28  -0.9238   2.008  -2.7500 8.12500
  37   -421       2       12354                 32  -0.5547   0.000  -2.0156 13.37500
  38    -11       1       12352                 33  -0.6504   0.000  -1.9375 2.96875
  39     12       1       12352                 33  -0.5859   0.000  -2.1016 2.35156
  40   -421       2       12354                 36  -0.9258   0.000  -2.7578 8.03125
  41     11       1       12352                 29  -1.1797   0.000  -1.4492 0.02014
  42    -11       1       12352                 29  -1.7930   0.000  -1.7227 0.02490
  43     11       1       12352                 40  -1.0195   0.000  -2.4141 1.30469
  44    -12       1       12352                 40  -0.9316   0.000  -2.7266 2.56250

Event Number : 12
Idx  PdgId  Status  StatusFlag  genPartIdxMother     eta    mass     phi      pt
---- ------ ------- ----------- ------------------ -------- ------- -------- -------
   0      2      21       10625                 -1 23360.0000   0.000   0.0000 0.00000
   1     -1      21       10625                 -1 -22848.0000   0.000   0.0000 0.00000
   2     24      22        4481                  0   1.4180  79.000   0.9238 210.50000
   3     25      22        4481                  0   0.4160 125.000  -2.2188 210.50000
   4     24      44         257                  2   1.4062  79.000   0.9238 208.00000
   5     25      44         257                  3   0.4385 125.000  -2.2188 217.50000
   6     24      44         257                  4   1.4062  79.000   0.9238 208.00000
   7     25      44         257                  5   0.4365 125.000  -2.2188 217.00000
   8     24      62       10497                  6   1.4219  79.000   0.9238 205.50000
   9     25      62       10497                  7   0.4277 125.000  -2.2188 217.50000
  10    -13      23       22913                  8   1.6836   0.000   0.6172 87.00000
  11     14      23        4481                  8   1.1367   0.000   1.1367 125.25000
  12    -13       1        8449                 10   1.6836   0.000   0.6172 87.00000
  13     22       1       12289                 10   1.6094   0.000   0.6328 0.00090
  14     14       1        8449                 11   1.1367   0.000   1.1367 125.25000
  15     35      22       14721                  9   0.6992  20.000  -2.0859 155.00000
  16     35      22       31105                  9  -0.3115  20.000  -2.5312 67.25000
  17      5      23       12673                 15   0.6621   0.000  -2.0391 119.50000
  18     -5      23       12673                 15   0.8066   0.000  -2.2500 36.12500
  19     22       1       12673                 16  -0.7051   0.000  -2.5781 22.62500
  20     22       1       12673                 16  -0.0889   0.000  -2.5078 44.50000
  21   -533       2       28675                 17   0.6660   5.422  -2.0391 108.50000
  22  -5232       2       12291                 17   0.7930   5.781  -2.2109 36.75000
  23      2      71        8193                 -1  -0.6777   0.000  -0.0703 0.63281
  24     -2      71        8193                 -1   4.3438   0.000   1.1562 1.43750
  25      2      71        8193                 -1   4.0469   0.000  -1.0703 0.62109
  26     -1      71        8193                 -1  -3.7812   0.000  -2.3828 3.55469
  27      2      71        8193                 -1   0.7227   0.000  -1.9531 1.54688
  28     21      71        8193                 -1   2.3906   0.000  -3.0312 9.78125
  29     21      71        8193                 -1   0.5781   0.000  -1.1094 6.25000
  30     21      71        8193                 -1  -5.7500   0.000  -0.3613 6.17188
  31     21      71        8193                 -1  -3.5625   0.000  -0.7031 5.12500
  32     -1      71        8193                 -1  -0.5645   0.000   1.9805 0.27539
  33   -531       2       12354                 21   0.6660   5.359  -2.0391 108.25000
  34  -4122       2       12354                 22   0.8047   2.289  -2.1406 14.37500
  35     11       1       12352                 23   1.2969   0.000   2.3125 0.04150
  36    -11       1       12352                 23   1.3242   0.000   2.1953 0.03094
  37     11       1       12352                 25   3.5156   0.000  -1.3906 0.00687
  38    -11       1       12352                 25   3.5625   0.000  -0.9219 0.10815
  39     11       1       12352                 27   2.5781   0.000   0.0798 0.01404
  40    -11       1       12352                 27   2.5000   0.000   0.0026 0.07935
  41   -433       2       28738                 33   0.6621   2.109  -2.0469 39.62500
  42    411       2       12354                 33   0.6543   0.000  -2.0547 33.25000
  43   -431       2       12354                 41   0.6602   1.969  -2.0469 38.37500

Event Number : 13
Idx  PdgId  Status  StatusFlag  genPartIdxMother     eta    mass     phi      pt
---- ------ ------- ----------- ------------------ -------- ------- -------- -------
   0      4      21       10625                  6 22848.0000   0.000   0.0000 0.00000
   1     -3      21       10625                 -1 -22912.0000   0.000   0.0000 0.00000
   2     24      22        4481                  0   0.1699  81.250  -0.7188 74.00000
   3     25      22        4481                  0  -0.3242 125.000   2.4219 74.00000
   4     24      44         257                  2   0.1436  81.250  -0.7051 73.50000
   5     25      44         257                  3  -0.3496 125.000   2.3984 74.50000
   6      4      41       20481                 -1 22976.0000   0.000   0.0000 0.00000
   7     24      44         257                  4   0.1218  81.250  -0.7129 76.00000
   8     25      44         257                  5  -0.3398 125.000   2.4062 72.00000
   9     24      44         257                  7   0.1230  81.250  -0.7246 75.75000
  10     25      44         257                  8  -0.3398 125.000   2.4219 72.25000
  11     24      62       10497                  9   0.1157  81.250  -0.7305 74.50000
  12     25      62       10497                 10  -0.3203 125.000   2.4297 74.50000
  13     22       1        8193                  6   3.2422   0.000   2.4062 5.15625
  14    -11      23       22913                 11  -0.5703   0.000  -1.2148 48.25000
  15     12      23        4481                 11   0.8613   0.000  -0.1135 38.75000
  16     12       1        8449                 15   0.8613   0.000  -0.1135 38.75000
  17    -11       1        8449                 14  -0.5703   0.000  -1.2148 47.62500
  18     22       1       12289                 14  -0.5703   0.000  -1.2148 0.66797
  19     22       1        8193                 14  -0.8457   0.000  -1.1641 0.04565
  20     35      22       14721                 12   0.0862  20.000   2.3047 98.50000
  21     35      22       31105                 12  -1.0430  20.000  -1.2031 26.43750
  22      5      23       22913                 20   0.2490   0.000   2.5391 26.37500
  23     -5      23        4481                 20   0.0255   0.000   2.2188 73.00000
  24     22       1       12673                 21  -1.0625   0.000  -0.6133 17.06250
  25     22       1       12673                 21  -0.6660   0.000  -1.8594 15.46875
  26   -431       2       12291                 -1   4.8281   1.969   1.1680 1.91797
  27      5      71        8449                 22   0.0590   0.000   2.1719 29.06250
  28     21      71        8193                 22   0.2007   0.000   2.5625 23.62500
  29     -5      71        8449                 23   0.0367   0.000   2.2344 42.00000
  30   -513       2       28675                 22   0.0659   5.328   2.2031 27.75000
  31    523       2       28675                 22   0.0400   5.328   2.2578 40.12500
  32   -511       2       12354                 30   0.0669   5.281   2.2031 27.37500
  33    521       2       12354                 31   0.0394   5.281   2.2578 39.87500
  34   -413       2       12354                 32   0.0070   2.008   2.1953 10.09375
  35     12       1       12352                 33   0.1284   0.000   2.1094 3.69531
  36    -11       1       12352                 33   0.0728   0.000   2.3516 19.75000
  37   -421       2       12354                 33  -0.0202   0.000   2.1719 16.62500
  38   -421       2       12354                 34   0.0040   0.000   2.2031 9.37500

Event Number : 14
Idx  PdgId  Status  StatusFlag  genPartIdxMother     eta    mass     phi      pt
---- ------ ------- ----------- ------------------ -------- ------- -------- -------
   0      2      21       10625                 -1 22912.0000   0.000   0.0000 0.00000
   1     -1      21       10625                 -1 -22912.0000   0.000   0.0000 0.00000
   2     24      22        4481                  0  -1.1016  79.750   0.0176 84.50000
   3     25      22        4481                  0   0.9980 125.000  -3.1250 84.50000
   4     24      44         257                  2  -1.0859  79.750   0.0130 83.75000
   5     25      44         257                  3   0.9551 125.000  -3.1016 89.75000
   6     24      44         257                  4  -1.0820  79.750   0.0113 83.00000
   7     25      44         257                  5   0.9199 125.000  -3.0938 93.50000
   8     24      44         257                  6  -1.0703  79.750  -0.0028 84.25000
   9     25      44         257                  7   0.9180 125.000  -3.0859 93.25000
  10     24      62       10497                  8  -1.0664  79.750   0.0027 84.75000
  11     25      62       10497                  9   0.9258 125.000  -3.0703 92.25000
  12    -11      23       22913                 10  -0.4805   0.000   1.0664 38.50000
  13     12      23        4481                 10  -1.0195   0.000  -0.4688 74.00000
  14    -11       1        8449                 12  -0.4805   0.000   1.0664 36.12500
  15     22       1       12289                 12  -0.4795   0.000   1.0742 2.41406
  16     12       1        8449                 13  -1.0195   0.000  -0.4688 74.00000
  17     35      22       14721                 11   0.4307  20.000   2.8203 103.75000
  18     35      22       31105                 11   1.0820  20.000  -1.4141 39.87500
  19      5      23       22913                 17   0.6387   0.000   2.6172 5.89062
  20     -5      23        4481                 17   0.4170   0.000   2.8281 98.00000
  21      5      51        8449                 19   0.6816   0.000   2.6562 7.40625
  22     -5      52        8449                 20   0.4170   0.000   2.8281 95.00000
  23     22       1       12673                 18   1.1211   0.000  -1.4258 39.25000
  24     22       1       12673                 18  -1.5430   0.000  -0.7578 0.79297
  25   -523       2       28675                 19   0.5371   5.328   2.6953 8.87500
  26    511       2       12291                 19   0.4111   5.281   2.8359 85.75000
  27   -521       2       12354                 25   0.5410   5.281   2.7031 8.84375
  28   -413       2       12354                 26   0.4121   2.008   2.8438 36.00000
  29    411       2       12354                 26   0.3936   0.000   2.8281 29.81250
  30    -16       1       12352                 27  -0.1006   0.000   1.6836 0.33691
  31     15       2       12354                 27   0.7129   0.000   2.6953 1.89844
  32   -421       2       12354                 28   0.4131   0.000   2.8438 33.62500
  33     16       1       12308                 31   0.8750   0.000   0.8730 0.14893
  34   -211       1       12308                 31   1.0664   0.000   2.9141 0.46680
  35   -211       1       12308                 31   0.6016   0.000   1.7812 0.59766
  36    211       1       12308                 31   0.2773   0.000   3.1328 1.23047
  37    413       2       12354                 27   0.4971   2.008   2.6641 6.17188
  38    421       2       12354                 37   0.4951   0.000   2.6719 5.81250
  39    -13       1       12352                 38   0.2422   0.000   1.8945 0.39551
  40     14       1       12352                 38   0.3115   0.000   2.9062 0.90625

Event Number : 15
Idx  PdgId  Status  StatusFlag  genPartIdxMother     eta    mass     phi      pt
---- ------ ------- ----------- ------------------ -------- ------- -------- -------
   0     -4      21       10625                  4 22784.0000   0.000   0.0000 0.00000
   1      1      21       10625                 -1 -24384.0000   0.000   0.0000 0.00000
   2    -24      22        4481                  0  -3.9375  81.250   0.0587 27.25000
   3     25      22        4481                  0  -4.1875 125.000  -3.0859 27.25000
   4     -4      41       16385                 -1  37.0000   0.000   0.0000 0.00000
   5    -24      44         257                  2  -3.9297  81.250   0.1160 25.81250
   6     25      44         257                  3  -4.0469 125.000   3.1172 30.00000
   7    -24      44         257                  5  -4.0156  81.250   0.0408 23.81250
   8     25      44         257                  6  -3.9688 125.000  -3.0859 32.50000
   9    -24      44         257                  7  -4.0000  81.250   0.0341 24.00000
  10     25      44         257                  8  -3.9766 125.000  -3.0781 32.12500
  11    -24      62       10497                  9  -3.9922  81.250   0.0302 24.18750
  12     25      62       10497                 10  -3.9844 125.000  -3.0703 31.75000
  13     13      23       22913                 11  -2.8125   0.000   1.1719 44.00000
  14    -14      23        4481                 11  -2.6719   0.000  -1.3945 40.50000
  15     13       1        8449                 13  -2.8203   0.000   1.1680 30.81250
  16     22       1       12289                 13  -2.8125   0.000   1.1758 13.18750
  17    -14       1        8449                 14  -2.6719   0.000  -1.3945 40.50000
  18     35      22       14721                 12  -2.5703  19.938  -2.9062 76.50000
  19     35      22       31105                 12  -2.7500  20.000   0.3428 45.50000
  20      5      23       22913                 18  -2.8828   0.000  -3.1406 17.87500
  21     -5      23        4481                 18  -2.4453   0.000  -2.8438 59.25000
  22     22       1       12673                 19  -1.2383   0.000   1.0820 2.64062
  23     22       1       12673                 19  -2.7812   0.000   0.3018 43.50000
  24     -5      71        8449                 21  -2.4609   0.000  -2.8438 42.12500
  25    523       2       28675                 20  -2.4531   5.328  -2.8438 41.50000
  26      5      71        8449                 20  -2.7578   0.000  -3.1250 23.00000
  27   -513       2       28675                 20  -2.7422   5.328  -3.0938 24.00000
  28    413       2       12291                 -1   2.1641   2.008   2.9297 0.88672
  29      1      71        8193                 -1   5.0312   0.000   2.3672 0.53516
  30     -2      71        8193                 -1  -6.1875   0.000   2.2266 0.89062
  31      2      71        8193                 -1  -1.0273   0.000  -2.0000 1.41406
  32     21      71        8193                 -1   2.0391   0.000  -1.1680 5.76562
  33     21      71        8193                 -1  -5.3750   0.000   0.8535 6.17188
  34     -1      71        8193                 -1   0.9551   0.000  -0.1372 1.47266
  35    521       2       12354                 25  -2.4531   5.281  -2.8438 41.50000
  36   -511       2       12354                 27  -2.7422   5.281  -3.0938 23.75000
  37    411       2       12354                 28   2.1641   0.000   2.9297 0.84961
  38     11       1       12352                 29  -2.3672   0.000  -0.8984 0.26172
  39    -11       1       12352                 29  -2.8359   0.000  -0.5742 0.00102
  40     11       1       12352                  4  -2.8906   0.000   2.0703 0.01678
  41    -11       1       12352                  4  -2.9844   0.000   2.0547 0.07202
  42     12       1       12352                 35  -2.4688   0.000  -2.8125 6.95312
  43    -11       1       12352                 35  -2.3438   0.000  -2.9297 14.25000
  44    413       2       12354                 36  -2.7031   2.008  -3.0703 6.64062
  45    -11       1       12352                 37   2.5391   0.000   1.3672 0.17969
  46     12       1       12352                 37   1.0352   0.000   1.6094 0.38867
  47   -423       2       12354                 35  -2.5000   2.008  -2.7734 17.81250
  48    421       2       12354                 44  -2.7031   0.000  -3.0625 6.25000
  49   -421       2       12354                 47  -2.5078   0.000  -2.7656 16.31250
  50    111       2       28738                 48  -2.8203   0.000  -2.5156 0.22656
  51     11       1       12352                 50  -2.1797   0.000  -1.4648 0.01178
  52    -11       1       12352                 50  -3.1875   0.000  -1.3711 0.03479

Event Number : 16
Idx  PdgId  Status  StatusFlag  genPartIdxMother     eta    mass     phi      pt
---- ------ ------- ----------- ------------------ -------- ------- -------- -------
   0     -2      21       14721                 -1 22848.0000   0.000   0.0000 0.00000
   1      1      21       10625                 -1 -22976.0000   0.000   0.0000 0.00000
   2    -24      22        4481                  0  -0.5020  82.000   0.5703 76.25000
   3     25      22        4481                  0  -1.2695 125.000  -2.5703 76.25000
   4    -24      44         257                  2  -0.4746  82.000   0.5117 71.75000
   5     25      44         257                  3  -1.2539 125.000  -2.5234 80.25000
   6    -24      44         257                  4  -0.5020  82.000   0.5176 69.50000
   7     25      44         257                  5  -1.2031 125.000  -2.5391 84.75000
   8    -24      44         257                  6  -0.5039  82.000   0.5137 69.75000
   9     25      44         257                  7  -1.2031 125.000  -2.5391 84.50000
  10    -24      62       10497                  8  -0.5059  82.000   0.5078 69.75000
  11     25      62       10497                  9  -1.1953 125.000  -2.5312 85.00000
  12     15      23       22913                 10  -0.2793   0.000  -0.1299 65.00000
  13    -16      23        4481                 10  -0.4209   0.000   1.6523 42.50000
  14     15       2        8451                 12  -0.2793   0.000  -0.1299 65.00000
  15     22       1       12289                 12  -0.3027   0.000  -0.1294 0.00000
  16    -16       1        8449                 13  -0.4209   0.000   1.6523 42.50000
  17     35      22       14721                 11  -1.0859  20.000   0.1084 30.25000
  18     35      22       31105                 11  -0.7188  20.000  -2.6562 112.25000
  19      5      23       22913                 17  -1.9180   0.000  -1.4727 2.45312
  20     -5      23        4481                 17  -0.9102   0.000   0.1890 30.37500
  21     22       1       12673                 18  -0.8945   0.000  -2.3828 25.00000
  22     22       1       12673                 18  -0.6562   0.000  -2.7344 88.50000
  23      5      71        8449                 19  -2.8281   0.000  -1.0625 0.54297
  24   -513       2       28675                 19  -2.1250   5.328  -0.7520 1.36328
  25     -5      71        8449                 20  -0.9121   0.000   0.1880 27.06250
  26    511       2       12291                 19  -0.9219   5.281   0.1865 26.31250
  27      2      71        8193                 -1   9.5312   0.000   2.0781 0.24365
  28     -2      71        8193                 -1  -5.8125   0.000   2.8516 0.49023
  29     16       1       13884                 14  -0.2930   0.000  -0.1367 43.75000
  30    111       2       30270                 14  -0.2388   0.000  -0.1243 15.28125
  31   -211       1       13884                 14  -0.2852   0.000  -0.0938 5.90625
  32   -511       2       12354                 24  -2.1094   5.281  -0.7637 1.39062
  33   4214       2       12354                 26  -0.9336   2.531   0.0728 9.56250
  34     11       1       12352                 27  -2.7734   0.000   2.2109 0.00668
  35    -11       1       12352                 27  -0.9863   0.000   2.1328 0.01489
  36     22       1       12876                 30  -0.1660   0.000  -0.1577 0.18506
  37     22       1       12876                 30  -0.2393   0.000  -0.1238 15.09375
  38    413       2       12354                 32  -1.6953   2.008  -1.0156 0.94336
  39   -413       2       12354                 32  -1.5234   2.008   0.2197 1.14844
  40   4122       2       12354                 33  -0.9180   2.289   0.0577 8.46875
  41    411       2       12354                 38  -1.6562   0.000  -1.0156 0.91211
  42   -421       2       12354                 39  -1.5234   0.000   0.1860 1.05469
  43    -13       1       12352                 40  -1.0469   0.000   0.2178 2.39844
  44     14       1       12352                 40  -0.7090   0.000   0.0480 2.60938

Event Number : 17
Idx  PdgId  Status  StatusFlag  genPartIdxMother     eta    mass     phi      pt
---- ------ ------- ----------- ------------------ -------- ------- -------- -------
   0     -1      21       10625                 -1 23232.0000   0.000   0.0000 0.00000
   1      2      21       10625                 -1 -22784.0000   0.000   0.0000 0.00000
   2     24      22        4481                  0   2.0078  79.250   0.7969 83.50000
   3     25      22        4481                  0   1.3008 125.000  -2.3438 83.50000
   4     24      44         257                  2   1.9688  79.250   0.8770 79.50000
   5     25      44         257                  3   1.2383 125.000  -2.5469 98.50000
   6     24      44       16641                  4   2.1172  79.250   0.8516 68.75000
   7     25      44         257                  5   1.1836 125.000  -2.5156 104.75000
   8     24      51         257                  6   2.1172  79.250   0.8535 68.75000
   9     24      62       10497                  8   2.1328  79.250   0.8516 68.25000
  10     25      62       10497                  7   1.1797 125.000  -2.5234 104.50000
  11     22       1        8193                  6   0.5215   0.000  -1.4023 0.07446
  12    -11       1       12673                  9   2.3438   0.000   1.2539 50.00000
  13     12       1       12673                  9   0.7559   0.000   0.1265 29.56250
  14     35      22       14721                 10   0.4648  20.000  -2.5234 106.00000
  15     35      22       31105                 10   5.0000  20.000   0.7559 1.38281
  16      5      23       12673                 14   0.6445   0.000  -2.3672 33.50000
  17     -5      23       12673                 14   0.3730   0.000  -2.5938 73.00000
  18     22       1       12673                 15   3.3047   0.000  -1.1484 6.53125
  19     22       1       12673                 15   1.4336   0.000   1.8086 7.09375
  20     21      73           1                 -1   3.5312   0.000   1.0586 16.12500
  21      3      71        8193                 -1  -1.9180   0.000  -2.1641 1.71094
  22     -1      71        8193                 -1  -1.5938   0.000   1.4609 1.40234
  23      3      71        8193                 -1  -3.4297   0.000  -2.2656 0.31445
  24     -1      71        8193                 -1  -3.3672   0.000  -1.1328 3.85156
  25   -521       2       12291                 16   0.6191   5.281  -2.3906 35.62500
  26    513       2       28675                 16   0.3750   5.328  -2.5859 70.50000
  27      3      71        8193                 -1   3.9297   0.000   1.3125 1.25000
  28     21      71        8193                 20   3.5312   0.000   1.0586 16.12500
  29     -1      71        8193                 -1   1.9961   0.000   1.3633 2.96875
  30      2      71        8193                 -1  -3.6484   0.000   2.8906 1.14062
  31     -1      71        8193                 -1  -5.1562   0.000  -0.6426 0.54297
  32      2      71        8193                 -1   6.8125   0.000  -2.2812 0.51758
  33     -1      71        8193                 -1  -4.7969   0.000  -2.2891 0.53906
  34     11       1       12352                 21  -1.2305   0.000  -0.8633 0.16748
  35    -11       1       12352                 21  -1.2266   0.000  -0.9121 0.13477
  36     11       1       12352                 23  -3.7812   0.000  -3.0234 0.00661
  37    -11       1       12352                 23  -4.3125   0.000   3.1328 0.00687
  38    423       2       12354                 25   0.6191   2.008  -2.3906 12.50000
  39    511       2       12354                 26   0.3750   5.281  -2.5859 70.25000
  40     11       1       12352                 27   3.8438   0.000   1.1758 0.05591
  41    -11       1       12352                 27   3.8359   0.000   1.1836 0.08594
  42    421       2       12354                 38   0.6191   0.000  -2.3906 11.34375
  43    431       2       12354                 39   0.3711   1.969  -2.5391 35.37500
  44   -413       2       12354                 39   0.3779   2.008  -2.6406 34.87500
  45     11       1       12352                 27   3.6094   0.000   0.9980 0.39746
  46    -11       1       12352                 27   3.6094   0.000   0.9863 0.18164
  47     11       1       12352                 30  -4.6562   0.000  -2.1016 0.04163
  48    -11       1       12352                 30  -4.2969   0.000  -3.0703 0.01263
  49     11       1       12352                 32  -2.8750   0.000   2.6953 0.05457
  50    -11       1       12352                 32  -2.7422   0.000  -1.8711 0.01431
  51    -13       1       12352                 42   0.7031   0.000  -2.4688 2.52344
  52     14       1       12352                 42   0.5547   0.000  -1.5625 0.35449
  53   -411       2       12354                 44   0.3779   0.000  -2.6406 32.75000

Event Number : 18
Idx  PdgId  Status  StatusFlag  genPartIdxMother     eta    mass     phi      pt
---- ------ ------- ----------- ------------------ -------- ------- -------- -------
   0      1      21       10625                 -1 23168.0000   0.000   0.0000 0.00000
   1     -2      21       10625                 -1 -22784.0000   0.000   0.0000 0.00000
   2    -24      22        4481                  0   0.9004  79.500  -1.6484 101.50000
   3     25      22        4481                  0   1.6172 125.000   1.4922 101.50000
   4    -24      44         257                  2   0.9043  79.500  -1.6367 101.25000
   5     25      44         257                  3   1.6172 125.000   1.4648 101.75000
   6    -24      44         257                  4   0.9023  79.500  -1.6484 101.25000
   7     25      44         257                  5   1.6172 125.000   1.4766 101.75000
   8    -24      62       10497                  6   0.8984  79.500  -1.6562 102.00000
   9     25      62       10497                  7   1.6289 125.000   1.4844 100.50000
  10     13      23       22913                  8   1.4180   0.000  -1.1758 45.25000
  11    -14      23        4481                  8   0.2485   0.000  -1.9805 65.25000
  12     13       1        8449                 10   1.4180   0.000  -1.1719 40.75000
  13     22       1       12289                 10   1.4414   0.000  -1.2305 4.51562
  14    -14       1        8449                 11   0.2485   0.000  -1.9805 65.25000
  15     35      22       14721                  9   0.9141  20.000   0.5957 69.25000
  16     35      22       31105                  9   1.5352  20.000   2.2422 78.25000
  17      5      23       12673                 15   0.9844   0.000   0.6094 58.62500
  18     -5      23       12673                 15   0.4473   0.000   0.5137 10.75000
  19     22       1       12673                 16   1.5547   0.000   2.0781 54.12500
  20     22       1       12673                 16   1.4141   0.000   2.5938 26.43750
  21    421       2       12291                 -1  -3.9219   0.000   2.0469 1.67969
  22   -523       2       28675                 17   0.9805   5.328   0.6094 50.12500
  23    523       2       28675                 17   0.5527   5.328   0.5234 12.06250
  24     -4      71        8193                 -1  -1.8750   0.000   0.9102 20.25000
  25   -411       2       12291                 24  -1.8477   0.000   0.8730 11.53125
  26      4      71        8193                 -1  -3.2109   0.000   3.0625 18.75000
  27    413       2       12291                 26  -3.2422   2.008   3.0547 13.53125
  28   -421       2       12291                 26  -2.8594   0.000   1.7773 4.31250
  29     21      71        8193                 -1   0.9785   0.000  -1.0039 27.25000
  30      2      71        8193                 -1   1.2109   0.000  -2.4219 0.27734
  31     21      71        8193                 -1   4.6094   0.000  -2.0625 5.20312
  32     21      71        8193                 -1   3.9844   0.000   1.3906 5.53125
  33      3      71        8193                 -1   1.8398   0.000   0.2617 0.55664
  34      2      71        8193                 -1  -6.8594   0.000   3.0781 0.34766
  35    -11       1       12352                 21  -3.2500   0.000   1.6523 0.39062
  36     12       1       12352                 21  -3.5000   0.000   2.5234 1.39062
  37   -521       2       12354                 22   0.9805   5.281   0.6113 49.37500
  38    521       2       12354                 23   0.5527   5.281   0.5215 11.87500
  39    421       2       12354                 27  -3.2422   0.000   3.0547 12.31250
  40     11       1       12352                 30  -5.2031   0.000  -1.5664 0.00627
  41    -11       1       12352                 30  -4.1719   0.000   1.1406 0.05042
  42    -12       1       12352                 37   1.0703   0.000   0.6641 4.10938
  43     11       1       12352                 37   0.9648   0.000   0.5977 37.25000
  44    423       2       28738                 37   1.0039   2.008   0.6426 8.03125
  45     14       1       12352                 38   0.7246   0.000  -0.0341 2.49219
  46    -13       1       12352                 38   0.1963   0.000   0.4023 3.12500
  47   -423       2       12354                 38   0.5938   2.008   0.7695 6.85938
  48    421       2       12354                 44   0.9980   0.000   0.6602 7.57812
  49   -421       2       12354                 47   0.5898   0.000   0.7676 6.25000

Event Number : 19
Idx  PdgId  Status  StatusFlag  genPartIdxMother     eta    mass     phi      pt
---- ------ ------- ----------- ------------------ -------- ------- -------- -------
   0      2      21       10625                 -1 22976.0000   0.000   0.0000 0.00000
   1     -3      21       10625                 -1 -22848.0000   0.000   0.0000 0.00000
   2     24      22        4481                  0   0.3105  80.250  -3.0625 98.50000
   3     25      22        4481                  0   0.8125 125.000   0.0820 98.50000
   4     24      44         257                  2   0.6074  80.250  -3.0703 80.25000
   5     25      44         257                  3   0.6699 125.000   0.0942 129.50000
   6     24      44         257                  4   0.6270  80.250  -3.0781 78.75000
   7     25      44         257                  5   0.6504 125.000   0.0972 132.00000
   8     24      44         257                  6   0.6191  80.250  -3.0547 77.75000
   9     25      44         257                  7   0.6523 125.000   0.0752 133.50000
  10     -4      44       16385                 -1  -0.1724   0.000   0.4043 2.75000
  11     24      62       10497                  8   0.6172  80.250  -3.0469 78.75000
  12     25      62       10497                  9   0.6523 125.000   0.0713 132.00000
  13     22       1        8193                 10  -0.0825   0.000  -0.3232 1.28125
  14    -11       1       12673                 11  -0.0388   0.000   2.2812 40.12500
  15     12       1       12673                 11   0.7539   0.000  -2.5156 64.50000
  16     35      22       14721                 12  -0.3711  20.000  -0.1289 57.87500
  17     35      22       31105                 12   1.1953  20.000   0.2231 76.25000
  18      5      23       12673                 16  -0.6016   0.000  -0.2969 29.37500
  19     -5      23       12673                 16  -0.1082   0.000   0.0393 29.31250
  20     22       1       12673                 17   1.1914   0.000   0.2676 74.75000
  21     22       1       12673                 17   0.7148   0.000  -0.9082 3.66406
  22      2      71        8193                 -1   1.8672   0.000   0.3252 0.75195
  23     -2      71        8193                 -1   3.1406   0.000   2.4219 2.50000
  24    421       2       12291                 -1  -4.6250   0.000  -0.5215 1.05078
  25   -533       2       28675                 18  -0.5840   5.422  -0.2871 29.31250
  26    513       2       28675                 18  -0.1333   5.328   0.0239 28.37500
  27   -423       2       28675                 10  -1.0664   2.008   0.6973 1.80859
  28      1      71        8193                 -1   2.4688   0.000  -1.3711 3.41406
  29     21      71        8193                 -1   2.1250   0.000  -2.9766 7.73438
  30     -3      71        8193                 -1   4.8594   0.000  -2.9766 0.27051
  31    421       2       12291                 10  -3.3203   0.000   2.6484 0.73633
  32      1      71        8193                 -1   0.3916   0.000   0.2949 1.92188
  33     21      71        8193                 -1  -1.2891   0.000   0.4531 7.56250
  34     -2      71        8193                 -1   0.7598   0.000  -2.9688 1.41406
  35     21      71        8193                 -1   1.4453   0.000  -3.0156 18.93750
  36   -413       2       12291                 -1  -4.0156   2.008  -0.4912 1.77344
  37      2      71        8193                 -1   6.1719   0.000  -2.3594 1.43750
  38      3      71        8193                 -1  -5.2812   0.000  -0.1001 1.48047
  39      2      71        8193                 -1  -5.5156   0.000   1.6641 1.86328
  40   -531       2       12354                 25  -0.5859   5.359  -0.2871 28.93750
  41    511       2       12354                 26  -0.1333   5.281   0.0233 28.37500
  42   -421       2       12354                 27  -1.0430   0.000   0.6211 1.72266
  43     11       1       12352                 28   2.2109   0.000  -0.2520 0.50977
  44    -11       1       12352                 28   2.2031   0.000  -0.2334 0.44727
  45     11       1       12352                 32   0.6680   0.000  -2.9688 0.38379
  46    -11       1       12352                 32   0.6582   0.000  -2.9688 0.83984
  47   -421       2       12354                 36  -4.0312   0.000  -0.4922 1.60156
  48     11       1       12352                 22   2.0000   0.000  -2.2656 0.10718
  49    -11       1       12352                 22   2.0469   0.000  -2.1484 0.04309
  50     12       1       12352                 40  -0.8145   0.000  -0.3809 1.35547
  51    -11       1       12352                 40  -0.5938   0.000  -0.3477 19.68750
  52   -433       2       28738                 40  -0.5098   2.109  -0.1218 8.03125
  53    -16       1       12352                 41  -0.2900   0.000   0.0424 0.92773
  54     15       2       12354                 41  -0.2046   0.000   0.0974 16.12500
  55    411       2       12354                 41  -0.0177   0.000  -0.0828 11.43750
  56     11       1       12352                 37   5.3281   0.000  -0.3018 0.07129
  57    -11       1       12352                 37   5.3281   0.000  -0.3018 0.07568
  58   -431       2       12354                 52  -0.5039   1.969  -0.1328 7.87500
  59     16       1       12308                 54  -0.4111   0.000  -0.1162 0.82812
  60    111       2       28694                 54  -0.1904   0.000   0.0382 2.82812
  61   -211       1       12308                 54  -0.1042   0.000   0.0253 2.72656
  62   -211       1       12308                 54  -0.2437   0.000   0.1890 4.50000
  63    211       1       12308                 54  -0.1948   0.000   0.1213 5.31250
  64    -13       1       12352                 55   0.0084   0.000   0.0996 0.67969
  65     14       1       12352                 55  -0.0784   0.000  -0.1279 2.21875
  66     22       1       12356                 60  -0.1675   0.000   0.0762 1.52344
  67     22       1       12356                 60  -0.2163   0.000  -0.0061 1.30859
