# File used : root://xrootd-cms.infn.it//store/mc/RunIISummer20UL18NanoAODv9/WHToAA_AToBB_AToGG_M-20_TuneCP5_13TeV_madgraph_pythia8/NANOAODSIM/106X_upgrade2018_realistic_v16_L1v1-v1/2530000/FB6A4557-3B3E-5E4A-900D-45A77C107EA2.root


Event Number : 0
Idx  PdgId  Status  StatusFlag  genPartIdxMother     eta    mass     phi      pt
---- ------ ------- ----------- ------------------ -------- ------- -------- -------
   0      2      21       10625                 -1 22848.0000   0.000   0.0000   0.000
   1     -1      21       10625                 -1 -23104.0000   0.000   0.0000   0.000
   2     24      22        4481                  0  -0.1763  71.500  -0.2148 162.500
   3     25      22        4481                  0  -1.1406 125.000   2.9297 162.500
   4     24      44         257                  2  -0.1431  71.500  -0.1699 158.000
   5     25      44         257                  3  -1.1406 125.000   2.9062 165.000
   6     24      44         257                  4  -0.1543  71.500  -0.2065 160.500
   7     25      44         257                  5  -1.1328 125.000   2.9219 163.500
   8     24      62       10497                  6  -0.1499  71.500  -0.2144 161.000
   9     25      62       10497                  7  -1.1445 125.000   2.9375 162.000
  10    -13       1       12673                  8  -0.1150   0.000  -0.7129  73.500
  11     14       1       12673                  8  -0.1528   0.000   0.1353 102.750
  12     35      22       14721                  9  -1.7617  20.000   2.9609  67.000
  13     35      22       31105                  9  -0.3975  20.000   2.9219  95.000
  14      5      23        4481                 12  -2.0547   0.000   2.9922  26.375
  15     -5      23       22913                 12  -1.5234   0.000   2.9375  40.625
  16      5      52        8449                 14  -2.0469   0.000   2.9922  24.250
  17     -5      52        8449                 15  -1.5156   0.000   2.9688  33.625
  18     22       1       12673                 13  -0.1348   0.000   2.8750  37.500
  19     22       1       12673                 13  -0.5566   0.000   2.9531  57.500
  20   -511       2       12291                 15  -2.0312   5.281   2.9609  25.000
  21    523       2       28675                 15  -1.5391   5.328   2.9609  36.250
  22   -421       2       12354                 20  -2.0703   0.000   3.0547   8.469
  23    521       2       12354                 21  -1.5430   5.281   2.9609  36.125
  24    421       2       12354                 23  -1.5352   0.000   2.9766  16.875
  25   -421       2       12354                 23  -1.4961   0.000   2.9141   8.750

Event Number : 1
Idx  PdgId  Status  StatusFlag  genPartIdxMother     eta    mass     phi      pt
---- ------ ------- ----------- ------------------ -------- ------- -------- -------
   0     -2      21       10625                 -1 22784.0000   0.000   0.0000   0.000
   1      1      21       10625                 -1 -23424.0000   0.000   0.0000   0.000
   2    -24      22        4481                  0  -2.2109  79.750   1.7930  64.750
   3     25      22        4481                  0  -2.3984 125.000  -1.3477  64.750
   4    -24      44         257                  2  -2.2109  79.750   1.8398  62.375
   5     25      44         257                  3  -2.3672 125.000  -1.4102  69.000
   6    -24      44         257                  4  -2.2422  79.750   1.8438  60.750
   7     25      44         257                  5  -2.3359 125.000  -1.4102  71.000
   8    -24      62       10497                  6  -2.2422  79.750   1.8477  60.125
   9     25      62       10497                  7  -2.3281 125.000  -1.4180  71.750
  10     13      23       22913                  8  -2.8125   0.000   2.9688  23.625
  11    -14      23        4481                  8  -1.2305   0.000   1.4453  54.125
  12     13       1        8449                 10  -2.8125   0.000   2.9688  23.125
  13     22       1       12289                 10  -2.7812   0.000   2.9375   0.445
  14    -14       1        8449                 11  -1.2305   0.000   1.4453  54.125
  15     35      22       14721                  9  -1.6953  20.000  -0.7383  84.750
  16     35      22       31105                  9  -1.7070  20.000  -2.8750  53.500
  17      5      23       12673                 15  -1.8008   0.000  -0.7383  60.000
  18     -5      23       12673                 15  -1.3789   0.000  -0.7344  24.750
  19     22       1       12673                 16  -2.3828   0.000   2.3672   4.312
  20     22       1       12673                 16  -1.5781   0.000  -2.8047  51.500
  21   -511       2       12291                 17  -1.8008   5.281  -0.7383  57.625
  22    513       2       28675                 17  -1.4102   5.328  -0.7324  24.312
  23   -411       2       12354                 21  -1.8086   0.000  -0.7324  21.062
  24    511       2       12354                 22  -1.4102   5.281  -0.7324  24.000
  25   -411       2       12354                 24  -1.4531   0.000  -0.7559   6.609

Event Number : 2
Idx  PdgId  Status  StatusFlag  genPartIdxMother     eta    mass     phi      pt
---- ------ ------- ----------- ------------------ -------- ------- -------- -------
   0      1      21       10625                 -1 24000.0000   0.000   0.0000   0.000
   1     -4      21       10625                 -1 -22784.0000   0.000   0.0000   0.000
   2    -24      22        4481                  0   2.2344  82.250   1.5352 104.500
   3     25      22        4481                  0   2.6406 125.000  -1.6055 104.500
   4    -24      44         257                  2   2.5078  82.250   1.6445  99.250
   5     25      44         257                  3   2.7812 125.000  -1.7461 114.250
   6    -24      44         257                  4   2.4844  82.250   1.6250 102.250
   7     25      44         257                  5   2.8281 125.000  -1.7305 109.250
   8    -24      44         257                  6   2.4688  82.250   1.6445 104.250
   9     25      44         257                  7   2.8516 125.000  -1.7617 106.750
  10    -24      44         257                  8   2.4609  82.250   1.6484 104.000
  11     25      44         257                  9   2.8516 125.000  -1.7656 107.250
  12    -24      44         257                 10   2.4609  82.250   1.6484 103.500
  13     25      44         257                 11   2.8516 125.000  -1.7617 107.750
  14    -24      62       10497                 12   2.4688  82.250   1.6445 103.250
  15     25      62       10497                 13   2.8438 125.000  -1.7617 108.000
  16     13       1       12673                 14   2.1875   0.000   2.3281  65.000
  17    -14       1       12673                 14   2.2578   0.000   0.9863  67.000
  18     35      22       14721                 15   2.2734  20.000  -1.5859 123.750
  19     35      22       31105                 15   3.2734  20.000   2.3750  25.250
  20      5      23        4481                 18   2.3125   0.000  -1.6250 101.750
  21     -5      23       22913                 18   2.0781   0.000  -1.4141  22.188
  22     22       1       12673                 19   3.4844   0.000   3.0938  12.062
  23     22       1       12673                 19   2.7266   0.000   1.9180  18.000
  24      5      71        8449                 20   2.3125   0.000  -1.6250  98.250
  25     -5      71        8449                 21   2.0938   0.000  -1.4062  18.375
  26   -523       2       28675                 21   2.3047   5.328  -1.6211  95.000
  27    513       2       28675                 21   2.1250   5.328  -1.4375  22.000
  28    411       2       12291                 -1  -1.7578   0.000  -0.1416   1.301
  29   -521       2       12354                 26   2.3047   5.281  -1.6211  94.000
  30    511       2       12354                 27   2.1250   5.281  -1.4375  21.875
  31    -13       1       12352                 28  -1.1016   0.000   0.9980   0.561
  32     14       1       12352                 28  -1.4336   0.000  -0.9492   0.604
  33    421       2       12354                 29   2.2969   0.000  -1.5781  21.625
  34    411       2       12354                 30   2.0625   0.000  -1.4258  12.062

Event Number : 3
Idx  PdgId  Status  StatusFlag  genPartIdxMother     eta    mass     phi      pt
---- ------ ------- ----------- ------------------ -------- ------- -------- -------
   0      2      21       10625                 -1 23296.0000   0.000   0.0000   0.000
   1     -1      21       10625                 -1 -22784.0000   0.000   0.0000   0.000
   2     24      22        4481                  0   3.7891  82.500  -2.6328  14.906
   3     25      22        4481                  0   3.2734 125.000   0.5098  14.906
   4     24      44         257                  2   3.7656  82.500  -2.6719  15.250
   5     25      44         257                  3   3.3438 125.000   0.6660  13.844
   6     24      44         257                  4   3.7422  82.500  -2.6406  15.531
   7     25      44         257                  5   3.3594 125.000   0.6465  13.625
   8     24      62       10497                  6   3.7188  82.500  -2.6641  15.969
   9     25      62       10497                  7   3.3438 125.000   0.6777  13.938
  10    -11      23       22913                  8   1.2422   0.000  -2.8828  34.250
  11     12      23        4481                  8   3.3594   0.000   0.0750  19.000
  12     12       1        8449                 11   3.3594   0.000   0.0750  19.000
  13    -11       1        8449                 10   1.2461   0.000  -2.8828  32.625
  14     22       1       12289                 10   1.2461   0.000  -2.8828   1.516
  15     22       1        8193                 10   0.7949   0.000   2.6875   0.143
  16     35      22       14721                  9   1.0703  20.000  -1.1406  55.875
  17     35      22       31105                  9   1.4648  20.000   1.7773  60.875
  18      5      23       12673                 16   0.7949   0.000  -0.7676  17.500
  19     -5      23       12673                 16   1.1445   0.000  -1.3008  40.125
  20     22       1       12673                 17   1.3672   0.000   1.6289  51.000
  21     22       1       12673                 17   1.6172   0.000   2.3984  12.688
  22   -521       2       12291                 18   0.8203   5.281  -0.7969  17.938
  23    513       2       28675                 18   1.1406   5.328  -1.3008  39.250
  24      2      71        8193                 -1  -4.3594   0.000  -0.0657   1.414
  25     -1      71        8193                 -1  -5.8594   0.000  -0.5840   0.121
  26    421       2       12354                 22   0.7891   0.000  -0.7754   6.141
  27    511       2       12354                 23   1.1406   5.281  -1.3008  38.750
  28     11       1       12352                 24  -3.4844   0.000  -0.0881   0.289
  29    -11       1       12352                 24  -4.1406   0.000   0.1904   0.017
  30  -4122       2       12354                 27   1.0977   2.289  -1.2773  14.094

Event Number : 4
Idx  PdgId  Status  StatusFlag  genPartIdxMother     eta    mass     phi      pt
---- ------ ------- ----------- ------------------ -------- ------- -------- -------
   0      1      21       10625                 -1 24448.0000   0.000   0.0000   0.000
   1     -2      21       10625                 -1 -22784.0000   0.000   0.0000   0.000
   2    -24      22        4481                  0   3.5156  80.500   2.3594  61.625
   3     25      22        4481                  0   2.9922 125.000  -0.7812  61.625
   4    -24      62       10497                  2   3.5156  80.500   2.3594  62.125
   5     25      62       10497                  3   3.0000 125.000  -0.8008  60.625
   6     11      23       22913                  4   3.9141   0.000   2.3984  39.250
   7    -12      23        4481                  4   1.7070   0.000   2.2891  22.938
   8     11       1        8449                  6   3.9141   0.000   2.3984  39.250
   9     22       1       12289                  6   3.9141   0.000   2.3984   0.002
  10    -12       1        8449                  7   1.7070   0.000   2.2891  22.938
  11     35      22       14721                  5   1.8906  20.000  -1.6328  70.000
  12     35      22       31105                  5   2.6641  20.000   0.5176  53.500
  13      5      23        4481                 11   1.5625   0.000  -1.6094  26.812
  14     -5      23       22913                 11   2.0547   0.000  -1.6484  43.250
  15     22       1       12673                 12   2.3125   0.000   0.3691  30.688
  16     22       1       12673                 12   2.9609   0.000   0.7090  23.562
  17      5      71        8449                 13   1.5820   0.000  -1.6094  24.188
  18     -5      71        8449                 14   2.0938   0.000  -1.6406  28.438
  19   -523       2       28675                 14   1.6250   5.328  -1.6250  26.250
  20    513       2       28675                 14   2.0781   5.328  -1.6602  30.188
  21      1      71        8193                 -1  -4.4688   0.000  -0.2520   1.844
  22     -2      71        8193                 -1  -2.0078   0.000   2.6406   2.680
  23      2      71        8193                 -1   8.1250   0.000   0.1274   0.451
  24      2      71        8193                 -1  -7.2812   0.000  -2.4453   2.688
  25      2      71        8193                 -1  -3.7891   0.000   1.8945   0.619
  26   -521       2       12354                 19   1.6250   5.281  -1.6289  25.875
  27    511       2       12354                 20   2.0781   5.281  -1.6602  29.750
  28   -433       2       28738                 26   1.6523   2.109  -1.7539   5.750
  29    423       2       12354                 26   1.6133   2.008  -1.5938  20.188
  30    411       2       12354                 27   1.9766   0.000  -1.7305  17.938
  31     11       1       12352                 21   5.2500   0.000   0.7637   0.243
  32    -11       1       12352                 21   5.2500   0.000   0.7559   0.216
  33     11       1       12352                 23   5.0625   0.000   1.2305   0.131
  34    -11       1       12352                 23   5.1250   0.000   0.6074   0.015
  35   -431       2       12354                 28   1.6562   1.969  -1.7734   5.594
  36    421       2       12354                 29   1.6133   0.000  -1.5938  18.562

Event Number : 5
Idx  PdgId  Status  StatusFlag  genPartIdxMother     eta    mass     phi      pt
---- ------ ------- ----------- ------------------ -------- ------- -------- -------
   0      2      21       10625                 -1 23936.0000   0.000   0.0000   0.000
   1     -1      21       10625                 -1 -22784.0000   0.000   0.0000   0.000
   2     24      22        4481                  0   1.5469  80.250  -0.8223 145.000
   3     25      22        4481                  0   2.4531 125.000   2.3203 145.000
   4     24      44         257                  2   1.5117  80.250  -0.8516 143.500
   5     25      44         257                  3   2.4219 125.000   2.3359 145.500
   6     24      44         257                  4   1.4922  80.250  -0.8457 139.000
   7     25      44         257                  5   2.4219 125.000   2.3281 148.000
   8     24      44         257                  6   1.4961  80.250  -0.8418 140.500
   9     25      44         257                  7   2.4219 125.000   2.3281 147.000
  10     24      44         257                  8   1.4961  80.250  -0.8438 141.000
  11     25      44         257                  9   2.4219 125.000   2.3281 147.000
  12     24      62       10497                 10   1.5078  80.250  -0.8438 139.500
  13     25      62       10497                 11   2.3984 125.000   2.3281 150.500
  14    -13      23       22913                 12   1.1797   0.000  -1.2695  87.000
  15     14      23        4481                 12   1.6250   0.000  -0.3066  70.000
  16    -13      51         257                 14   1.1797   0.000  -1.2656  84.250
  17     14       1        8449                 15   1.6250   0.000  -0.3066  69.750
  18    -13       1        8449                 16   1.1797   0.000  -1.2656  84.250
  19     22       1       12289                 16   1.1797   0.000  -1.2695   0.000
  20     22       1        8193                 14   1.1680   0.000  -1.3164   2.594
  21     35      22       14721                 13   1.2891  20.000   2.9453  37.625
  22     35      22       31105                 13   2.5234  20.000   2.1484 122.000
  23      5      23       22913                 21   0.7207   0.000  -3.1172  14.781
  24     -5      23        4481                 21   1.5312   0.000   2.8125  23.438
  25     22       1       12673                 22   2.5547   0.000   2.1484 114.000
  26     22       1       12673                 22   1.9062   0.000   2.2188   7.875
  27      2      72        8193                 -1  -7.6719   0.000  -2.1172   0.775
  28     -1      72        8193                 -1  -2.8984   0.000  -0.9004   1.734
  29      5      71        8449                 23   0.7344   0.000  -3.0703  12.594
  30     -5      71        8449                 24   1.5195   0.000   2.8125  21.125
  31   -523       2       28675                 23   0.7812   5.328  -3.0781  13.781
  32    513       2       28675                 23   1.4883   5.328   2.8359  20.688
  33   2101      74        8193                 -1  -7.8594   1.508   0.0635   0.377
  34      2      71        8193                 -1   4.1875   0.000   2.9219   0.330
  35   -521       2       12354                 31   0.7832   5.281  -3.0703  13.750
  36    511       2       12354                 32   1.4883   5.281   2.8359  20.688
  37     11       1       12352                 27  -4.7344   0.000   2.2188   0.327
  38    -11       1       12352                 27  -4.7344   0.000   2.2109   0.243
  39     11       1       12352                 33  -6.5000   0.000   2.4766   0.001
  40    -11       1       12352                 33  -5.9844   0.000  -0.7168   0.026
  41   -431       2       12354                 35   0.7305   1.969  -3.1172  11.094
  42    411       2       12354                 35   0.9688   0.000  -2.9062   2.688
  43   -413       2       12354                 36   1.4844   2.008   2.9297   8.406
  44   -421       2       12354                 43   1.4805   0.000   2.9297   7.875

Event Number : 6
Idx  PdgId  Status  StatusFlag  genPartIdxMother     eta    mass     phi      pt
---- ------ ------- ----------- ------------------ -------- ------- -------- -------
   0      2      21       10625                 -1 25792.0000   0.000   0.0000   0.000
   1     -1      21       10625                 -1 -22784.0000   0.000   0.0000   0.000
   2     24      22        4481                  0   3.8672  79.250  -2.3438  52.250
   3     25      22        4481                  0   4.2188 125.000   0.7969  52.250
   4     24      44         257                  2   3.8594  79.250  -2.3672  52.875
   5     25      44         257                  3   4.2344 125.000   0.8262  51.375
   6     24      44       16641                  4   3.8594  79.250  -2.3672  53.375
   7     25      44         257                  5   4.2500 125.000   0.8281  50.750
   8     24      51         257                  6   3.8594  79.250  -2.3672  53.375
   9     24      62       10497                  8   3.8516  79.250  -2.3594  53.625
  10     25      62       10497                  7   4.2500 125.000   0.8223  50.250
  11     22       1        8193                  6   2.4609   0.000  -1.8164   0.037
  12    -11       1       12673                  9   3.1875   0.000  -3.1094  55.375
  13     12       1       12673                  9   3.4062   0.000  -1.1250  39.750
  14     35      22       14721                 10   3.4375  20.000   0.9883  86.750
  15     35      22       31105                 10   3.0859  20.000  -1.9297  38.000
  16      5      23       12673                 14   3.2969   0.000   1.1094  51.125
  17     -5      23       12673                 14   3.5859   0.000   0.8203  36.375
  18     22       1       12673                 15   3.1953   0.000  -1.6797  27.438
  19     22       1       12673                 15   2.5000   0.000  -2.4688  13.250
  20   -513       2       28675                 16   3.3047   5.328   1.0938  45.000
  21    533       2       28675                 16   3.5781   5.422   0.8340  35.125
  22   -511       2       12354                 20   3.3047   5.281   1.0938  44.375
  23    531       2       12354                 21   3.5781   5.359   0.8340  35.125
  24    411       2       12354                 22   3.2500   0.000   1.1953  12.281
  25    111       2       28738                 22   3.3359   0.000   1.0273  15.531
  26    421       2       12354                 23   3.5859   0.000   0.7871  16.625
  27     22       1       12352                 25   3.3359   0.000   1.0234  13.406

Event Number : 7
Idx  PdgId  Status  StatusFlag  genPartIdxMother     eta    mass     phi      pt
---- ------ ------- ----------- ------------------ -------- ------- -------- -------
   0     -3      21       10625                 -1 22784.0000   0.000   0.0000   0.000
   1      2      21       10625                 -1 -23040.0000   0.000   0.0000   0.000
   2     24      22        4481                  0  -0.9707  76.750   0.2109  69.000
   3     25      22        4481                  0  -1.7070 125.000  -2.9297  69.000
   4     24      44         257                  2  -0.9531  76.750   0.2153  71.000
   5     25      44         257                  3  -1.6992 125.000  -2.9375  67.250
   6     24      44         257                  4  -0.9512  76.750   0.2241  71.250
   7     25      44         257                  5  -1.7109 125.000  -2.9531  66.750
   8     24      62       10497                  6  -0.9551  76.750   0.2344  69.750
   9     25      62       10497                  7  -1.6875 125.000  -2.9609  68.750
  10    -11      23       22913                  8  -1.5703   0.000   2.6250  14.906
  11     12      23        4481                  8  -0.5059   0.000   0.1084  81.250
  12    -11       1        8449                 10  -1.5703   0.000   2.6250  14.906
  13     22       1       12289                 10  -1.5703   0.000   2.6250   0.001
  14     12       1        8449                 11  -0.5059   0.000   0.1084  81.250
  15     35      22       14721                  9  -1.1133  20.000  -1.8594  66.250
  16     35      22       31105                  9  -1.0586  20.000   2.3281  70.750
  17      5      23        4481                 15  -1.3398   0.000  -1.8789  34.125
  18     -5      23       22913                 15  -0.8164   0.000  -1.8359  32.125
  19      5      52        8449                 17  -1.2930   0.000  -1.8750  22.062
  20     -5      52        8449                 18  -0.9746   0.000  -1.8008  40.125
  21     22       1       12673                 16  -1.2227   0.000   2.1406  36.625
  22     22       1       12673                 16  -0.8301   0.000   2.5312  35.375
  23   -523       2       28675                 18  -1.2969   5.328  -1.8867  18.812
  24    523       2       28675                 18  -0.9727   5.328  -1.7812  37.375
  25   -421       2       12291                 -1   1.6875   0.000  -1.9258   6.828
  26    421       2       12291                 -1  -1.6914   0.000   0.6074   3.172
  27      1      71        8193                 -1   3.7734   0.000   0.9004   0.975
  28     -1      71        8193                 -1  -6.8125   0.000  -0.8164   1.449
  29   -521       2       12354                 23  -1.2969   5.281  -1.8867  18.812
  30    521       2       12354                 24  -0.9727   5.281  -1.7812  36.875
  31   -431       2       12354                 29  -1.3477   1.969  -1.7539   5.625
  32    411       2       12354                 29  -1.2852   0.000  -1.8750  10.656
  33     12       1       12352                 30  -0.8965   0.000  -1.6992  15.000
  34    -11       1       12352                 30  -1.0742   0.000  -1.7109   5.625
  35     11       1       12352                 27  -1.1406   0.000   1.7617   0.029
  36    -11       1       12352                 27  -1.1016   0.000   1.8086   0.235
  37   -421       2       12354                 30  -1.0117   0.000  -1.8945  11.625

Event Number : 8
Idx  PdgId  Status  StatusFlag  genPartIdxMother     eta    mass     phi      pt
---- ------ ------- ----------- ------------------ -------- ------- -------- -------
   0      2      21       10625                 -1 24192.0000   0.000   0.0000   0.000
   1     -1      21       10625                 -1 -22784.0000   0.000   0.0000   0.000
   2     24      22        4481                  0   3.5234  80.250  -2.1406  30.562
   3     25      22        4481                  0   4.0625 125.000   0.9980  30.562
   4     24      44         257                  2   3.3516  80.250  -2.0781  40.250
   5     25      44         257                  3   4.9062 125.000   0.7031  14.656
   6     24      44         257                  4   3.1953  80.250  -2.1406  51.875
   7     25      44         257                  5   7.0625 125.000  -0.1758   1.625
   8     24      44         257                  6   3.1953  80.250  -2.1562  51.625
   9     25      44         257                  7   7.3906 125.000   0.4658   1.164
  10     24      44         257                  8   3.1953  80.250  -2.1562  51.500
  11     25      44         257                  9   7.2969 125.000   0.4297   1.281
  12     24      62       10497                 10   3.1875  80.250  -2.1328  51.750
  13     25      62       10497                 11   6.6094 125.000  -0.3076   2.547
  14    -13      23       22913                 12   1.7344   0.000  -2.7031  36.500
  15     14      23        4481                 12   3.6016   0.000  -1.3828  28.812
  16    -13       1        8449                 14   1.7344   0.000  -2.7031  36.500
  17     22       1       12289                 14   1.7148   0.000   2.8516   0.000
  18     14       1        8449                 15   3.6016   0.000  -1.3828  28.812
  19     35      22       14721                 13   4.8906  20.000   1.4727  13.719
  20     35      22       31105                 13   1.6016  19.938  -1.4961  14.469
  21      5      23       22913                 19   4.7188   0.000   0.8672  12.438
  22     -5      23        4481                 19   3.9922   0.000   2.5859   7.875
  23      5      51        8449                 21   4.7344   0.000   0.8086  11.469
  24     -5      52        8449                 22   4.0312   0.000   2.5703   7.375
  25     22       1       12673                 20   1.6797   0.000  -1.8203  13.594
  26     22       1       12673                 20  -0.1567   0.000  -0.2754   4.594
  27   -513       2       28675                 21   4.7188   5.328   0.8594  10.375
  28    521       2       12291                 21   4.0938   5.281   2.4688   7.688
  29      1      71        8193                 -1   0.6973   0.000   0.8477  27.750
  30     21      71        8193                 -1  -2.4531   0.000  -0.3652  15.969
  31   -511       2       12354                 27   4.7188   5.281   0.8613  10.312
  32    423       2       28738                 28   4.1250   2.008   2.3984   4.766
  33   -421       2       12354                 28   3.9609   0.000   2.5781   2.938
  34    411       2       12354                 31   4.3281   0.000   0.9668   3.383
  35    421       2       12354                 32   4.1406   0.000   2.4297   4.219

Event Number : 9
Idx  PdgId  Status  StatusFlag  genPartIdxMother     eta    mass     phi      pt
---- ------ ------- ----------- ------------------ -------- ------- -------- -------
   0     -1      21       10625                 -1 22784.0000   0.000   0.0000   0.000
   1      2      21       10625                 -1 -25472.0000   0.000   0.0000   0.000
   2     24      22        4481                  0  -3.7422  77.750   0.8008  48.750
   3     25      22        4481                  0  -4.2500 125.000  -2.3438  48.750
   4     24      44         257                  2  -3.7891  77.750   0.7988  43.625
   5     25      44         257                  3  -4.1406 125.000  -2.3438  55.375
   6     24      44         257                  4  -3.7500  77.750   0.7969  46.750
   7     25      44         257                  5  -4.1875 125.000  -2.3359  51.250
   8     24      44         257                  6  -3.7422  77.750   0.8145  47.375
   9     25      44         257                  7  -4.2031 125.000  -2.3594  50.500
  10      4      31       20481                 -1 -22784.0000   0.000   0.0000   0.000
  11     24      44         257                  8  -3.7344  77.750   0.8262  47.875
  12     25      44         257                  9  -4.2188 125.000  -2.3750  49.750
  13     24      62       10497                 11  -3.7266  77.750   0.7969  47.875
  14     25      62       10497                 12  -4.2344 125.000  -2.3281  49.500
  15    -11       1       12673                 13  -1.8906   0.000   1.1719  25.312
  16     12       1       12673                 13  -4.2500   0.000   0.4326  26.125
  17     35      22       14721                 14  -3.1250  20.000   3.1094  72.500
  18     35      22       31105                 14  -3.4766  20.000  -0.7832  54.125
  19      5      23       22913                 17  -3.0312   0.000   3.0703  63.500
  20     -5      23        4481                 17  -3.5938   0.000  -2.8828   9.406
  21     22       1       12673                 18  -3.7812   0.000  -0.4863  20.250
  22     22       1       12673                 18  -3.1953   0.000  -0.9512  35.250
  23   -411       2       12291                 -1  -4.0156   0.000   0.1592   0.701
  24      5      71        8449                 19  -3.1250   0.000   3.1172  42.500
  25     -5      71        8449                 20  -3.5156   0.000  -2.9453   9.219
  26   -513       2       28675                 19  -3.1094   5.328   3.1094  41.875
  27    521       2       12291                 19  -3.4688   5.281  -2.9766   9.000
  28      1      71        8193                 -1  -0.4727   0.000  -2.1250   1.062
  29     -1      71        8193                 -1  -4.5000   0.000   0.7305   0.106
  30    411       2       12291                 10  -2.3203   0.000  -2.9297   3.367
  31      2      71        8193                 -1   4.4531   0.000  -0.7539   4.953
  32     21      71        8193                 -1   1.8359   0.000  -1.4375   5.391
  33     21      71        8193                 -1  -0.2578   0.000  -2.2109   6.688
  34     -1      71        8193                 -1  -1.0234   0.000  -1.4336   4.531
  35     11       1       12352                 23  -2.3281   0.000   2.1484   0.108
  36    -12       1       12352                 23  -2.6641   0.000   3.0234   0.490
  37   -511       2       12354                 26  -3.1094   5.281   3.1094  41.750
  38   -423       2       28738                 27  -3.4453   2.008  -3.0703   3.547
  39    413       2       12354                 37  -3.1016   2.008   3.0547  12.938
  40   -421       2       12354                 38  -3.4531   0.000  -3.0781   3.039
  41     11       1       12352                 10  -1.0156   0.000  -0.6250   0.039
  42    -11       1       12352                 10  -1.3398   0.000  -1.5273   0.027
  43     11       1       12352                 10  -1.0312   0.000  -1.3086   0.816
  44    -11       1       12352                 10  -1.0117   0.000  -1.3125   0.092
  45    411       2       12354                 39  -3.1016   0.000   3.0547  12.250
  46    -13       1       12352                 45  -3.2969   0.000   3.0781   1.363
  47     14       1       12352                 45  -2.8984   0.000  -2.9219   0.918

Event Number : 10
Idx  PdgId  Status  StatusFlag  genPartIdxMother     eta    mass     phi      pt
---- ------ ------- ----------- ------------------ -------- ------- -------- -------
   0     -1      21       10625                 -1 22784.0000   0.000   0.0000   0.000
   1      2      21       10625                 -1 -25664.0000   0.000   0.0000   0.000
   2     24      22        4481                  0  -2.7812  81.500   0.6602 232.500
   3     25      22        4481                  0  -2.1484 125.000  -2.4844 232.500
   4     24      44         257                  2  -2.7266  81.500   0.7285 273.000
   5     25      44         257                  3  -1.7891 125.000  -2.7422 152.500
   6     24      44         257                  4  -2.7188  81.500   0.7383 272.000
   7     25      44         257                  5  -1.7891 125.000  -2.7734 156.000
   8     24      44         257                  6  -2.7188  81.500   0.7383 274.000
   9     25      44         257                  7  -1.7852 125.000  -2.7812 153.000
  10     24      44         257                  8  -2.7188  81.500   0.7383 273.000
  11     25      44         257                  9  -1.7852 125.000  -2.7812 153.500
  12     24      44         257                 10  -2.7266  81.500   0.7363 272.000
  13     25      44         257                 11  -1.7812 125.000  -2.7812 154.000
  14     24      62       10497                 12  -2.7266  81.500   0.7344 272.000
  15     25      62       10497                 13  -1.7812 125.000  -2.7812 154.000
  16    -11      23       22913                 14  -2.6641   0.000   0.1431  57.125
  17     12      23        4481                 14  -2.6875   0.000   0.8770 226.500
  18    -11       1        8449                 16  -2.6641   0.000   0.1431  52.000
  19     22       1       12289                 16  -2.6641   0.000   0.1431   5.125
  20     12       1        8449                 17  -2.6875   0.000   0.8770 226.500
  21     35      22       14721                 15  -1.4805  20.000  -2.3594 127.750
  22     35      22       31105                 15  -1.7344  20.000   2.5469  64.750
  23      5      23       12673                 21  -1.3555   0.000  -2.4141  66.250
  24     -5      23       12673                 21  -1.6016   0.000  -2.2969  62.000
  25     22       1       12673                 22  -1.8398   0.000   1.9180  12.469
  26     22       1       12673                 22  -1.6602   0.000   2.6797  55.000
  27   -511       2       12291                 23  -1.3594   5.281  -2.4141  63.500
  28    531       2       12291                 23  -1.5938   5.359  -2.2969  61.375
  29      1      71        8193                 -1  -1.4414   0.000  -2.2109 115.500
  30     -3      71        8193                 -1  -4.0469   0.000   0.4062   5.812
  31    111       2       28675                 29  -1.4531   0.000  -2.1953  44.000
  32    111       2       28675                 29  -1.4180   0.000  -2.2266  33.000
  33    111       2       28675                 29  -1.5078   0.000  -2.2734  11.469
  34      2      71        8193                 -1   5.0469   0.000  -2.5547   0.879
  35   2101      71        8193                 -1  -6.3750   0.580   2.0312   1.090
  36      1      71        8193                 -1  -0.7031   0.000  -0.5117  10.312
  37     -2      71        8193                 -1   6.2969   0.000  -1.0312   0.803
  38   -413       2       12354                 27  -1.3711   2.008  -2.4297  22.125
  39     12       1       12352                 28  -1.5703   0.000  -2.3438  34.000
  40    -11       1       12352                 28  -1.6406   0.000  -2.3125   8.719
  41   -433       2       28738                 28  -1.6055   2.109  -2.2188  18.812
  42     22       1       12352                 31  -1.4531   0.000  -2.1953  23.188
  43     22       1       12352                 31  -1.4492   0.000  -2.1953  20.812
  44     22       1       12352                 32  -1.4141   0.000  -2.2266  26.812
  45     22       1       12352                 33  -1.5039   0.000  -2.2734  10.719
  46     11       1       12352                 29  -4.1250   0.000  -2.1328   0.087
  47    -11       1       12352                 29  -4.1562   0.000  -2.1641   0.119
  48     11       1       12352                 34  -2.2891   0.000   0.9102   0.512
  49    -11       1       12352                 34  -0.2344   0.000   2.0234   0.010
  50   -411       2       12354                 38  -1.3672   0.000  -2.4297  20.625
  51   -431       2       12354                 41  -1.6016   1.969  -2.2109  18.688
  52     11       1       12352                 36  -1.5195   0.000  -1.9023   0.027
  53    -11       1       12352                 36  -1.1641   0.000  -1.1562   0.057

Event Number : 11
Idx  PdgId  Status  StatusFlag  genPartIdxMother     eta    mass     phi      pt
---- ------ ------- ----------- ------------------ -------- ------- -------- -------
   0      1      21       10625                 -1 22784.0000   0.000   0.0000   0.000
   1     -2      21       10625                 -1 -23488.0000   0.000   0.0000   0.000
   2    -24      22        4481                  0  -1.8086  79.250  -0.7285  89.000
   3     25      22        4481                  0  -2.3047 125.000   2.4141  89.000
   4    -24      44         257                  2  -1.8203  79.250  -0.7480  88.000
   5     25      44         257                  3  -2.2891 125.000   2.4453  90.250
   6    -24      44         257                  4  -1.8164  79.250  -0.7441  87.500
   7     25      44         257                  5  -2.2891 125.000   2.4375  90.750
   8    -24      62       10497                  6  -1.8125  79.250  -0.7539  88.500
   9     25      62       10497                  7  -2.2969 125.000   2.4453  89.750
  10     15       2       12675                  8  -1.2188   0.000  -0.8750  84.500
  11    -16       1       12673                  8  -3.1641   0.000   0.3975  11.281
  12     35      22       14721                  9  -1.5391  19.938  -1.5430  30.188
  13     35      22       31105                  9  -1.9219  20.062   2.2422 112.000
  14      5      23       12673                 12  -2.1562   0.000  -1.7539   0.758
  15     -5      23       12673                 12  -1.5156   0.000  -1.5391  29.438
  16     22       1       12673                 13  -1.8320   0.000   2.6484  18.000
  17     22       1       12673                 13  -1.9219   0.000   2.1719  95.750
  18   -521       2       12291                 14  -2.2656   5.281  -1.8008   1.043
  19    523       2       28675                 14  -1.5039   5.328  -1.5391  28.938
  20      2      71        8193                 -1   2.0781   0.000   2.4141   1.195
  21     -1      71        8193                 -1   2.8984   0.000   3.0859   1.680
  22      1      71        8193                 -1   3.8594   0.000   1.9531  39.875
  23     -1      71        8193                 -1  -0.1841   0.000  -0.7207  16.688
  24      1      71        8193                 -1   5.5469   0.000  -3.0391   1.348
  25     21      71        8193                 -1   4.1562   0.000  -1.9336  10.594
  26     -2      71        8193                 -1   3.2188   0.000  -1.3789   6.438
  27     16       1       13884                 10  -1.2266   0.000  -0.8633   8.938
  28    111       2       30270                 10  -1.2070   0.000  -0.8730  29.250
  29    311       2       13886                 10  -1.2305   0.498  -0.8789  31.375
  30   -321       1       13884                 10  -1.2109   0.494  -0.8809  14.906
  31    413       2       12354                 18  -0.2446   2.008  -2.2656   1.230
  32    521       2       12354                 19  -1.5039   5.281  -1.5391  28.938
  33     11       1       12352                 24   4.1094   0.000  -1.8477   0.173
  34    -11       1       12352                 24   4.1250   0.000  -1.6562   0.850
  35     11       1       12352                 20   1.4648   0.000   2.3672   0.034
  36    -11       1       12352                 20   1.7344   0.000   2.3438   0.936
  37     11       1       12352                 20   1.9609   0.000   1.1875   0.289
  38    -11       1       12352                 20   1.8633   0.000   1.3281   0.436
  39     22       1       12876                 28  -1.1992   0.000  -0.8750  13.469
  40     22       1       12876                 28  -1.2109   0.000  -0.8711  15.781
  41    130       1       12876                 29  -1.2305   0.498  -0.8789  31.375
  42    411       2       12354                 31  -0.2319   0.000  -2.2891   1.180
  43   -421       2       12354                 32  -1.4922   0.000  -1.5391  10.750
  44    -11       1       12352                 42  -1.0469   0.000   2.1719   0.270
  45     12       1       12352                 42  -0.2007   0.000  -2.5078   0.586

Event Number : 12
Idx  PdgId  Status  StatusFlag  genPartIdxMother     eta    mass     phi      pt
---- ------ ------- ----------- ------------------ -------- ------- -------- -------
   0     -3      21       10625                 -1 22976.0000   0.000   0.0000   0.000
   1      4      21       10625                 -1 -22912.0000   0.000   0.0000   0.000
   2     24      22        4481                  0   1.0469  83.000  -0.9531  97.500
   3     25      22        4481                  0  -0.4424 125.000   2.1875  97.500
   4     24      44         257                  2   0.9980  83.000  -0.9648 106.750
   5     25      44         257                  3  -0.3711 125.000   2.1953  93.750
   6     24      44         257                  4   0.9922  83.000  -0.9707 105.250
   7     25      44         257                  5  -0.3262 125.000   2.2188  99.500
   8     24      44         257                  6   0.9707  83.000  -0.9941 107.500
   9     25      44         257                  7  -0.3223 125.000   2.2266  98.500
  10     24      44         257                  8   0.9707  83.000  -0.9961 107.500
  11     25      44         257                  9  -0.3203 125.000   2.2344  98.750
  12     -4      44       16385                 -1  -5.1094   0.000  -0.7500   6.531
  13     24      52         257                 10   0.9707  83.000  -0.9961 107.500
  14     24      62       10497                 13   0.9766  83.000  -0.9766 107.000
  15     25      62       10497                 11  -0.3213 125.000   2.2188  98.750
  16     22       1        8193                 12  -5.0312   0.000  -0.4668   2.898
  17    -11       1       12673                 14   1.1250   0.000  -0.8320  94.750
  18     12       1       12673                 14  -0.4355   0.000  -1.7812  19.062
  19     35      22       14721                 15  -0.9844  20.000   2.1172  66.750
  20     35      22       31105                 15   1.0977  20.000   2.4375  33.250
  21      5      23       12673                 19  -1.0195   0.000   2.5000  20.875
  22     -5      23       12673                 19  -0.9336   0.000   1.9531  47.875
  23     22       1       12673                 20   1.1133   0.000   3.0625  16.312
  24     22       1       12673                 20   0.8809   0.000   1.9922  22.250
  25   -523       2       28675                 21  -0.9980   5.328   2.4688  20.250
  26    513       2       28675                 21  -0.9375   5.328   1.9609  45.125
  27   -413       2       12291                 12  -5.0469   2.008  -0.9414   3.672
  28   -521       2       12354                 25  -1.0000   5.281   2.4688  20.062
  29    511       2       12354                 26  -0.9375   5.281   1.9609  44.500
  30   -421       2       12354                 27  -5.0312   0.000  -0.9414   3.461
  31    423       2       12354                 28  -0.9551   2.008   2.4297   7.547
  32   -413       2       12354                 28  -1.0586   2.008   2.3906   7.969
  33     14       1       12352                 29  -0.8242   0.000   2.2812   2.492
  34    -13       1       12352                 29  -0.8457   0.000   1.9609  13.750
  35   -413       2       12354                 29  -0.9863   2.008   1.9336  28.438
  36    421       2       12354                 31  -0.9531   0.000   2.4375   6.875
  37   -421       2       12354                 32  -1.0547   0.000   2.3906   7.500
  38   -411       2       12354                 35  -0.9883   0.000   1.9336  26.375
  39     13       1       12352                 38  -0.9629   0.000   1.8633   4.844
  40    -14       1       12352                 38  -0.9922   0.000   2.0078   7.953

Event Number : 13
Idx  PdgId  Status  StatusFlag  genPartIdxMother     eta    mass     phi      pt
---- ------ ------- ----------- ------------------ -------- ------- -------- -------
   0      2      21       10625                 -1 23168.0000   0.000   0.0000   0.000
   1     -1      21       10625                 -1 -22848.0000   0.000   0.0000   0.000
   2     24      22        4481                  0   0.4961  78.750   0.9023  99.500
   3     25      22        4481                  0   1.8750 125.000  -2.2422  99.500
   4     24      44         257                  2   0.5137  78.750   0.8730 106.500
   5     25      44         257                  3   1.8594 125.000  -2.2266  96.500
   6     24      44         257                  4   0.5098  78.750   0.8672 107.000
   7     25      44         257                  5   1.8750 125.000  -2.2109  95.250
   8     24      62       10497                  6   0.5098  78.750   0.8594 107.500
   9     25      62       10497                  7   1.8789 125.000  -2.2031  94.750
  10    -11      23       22913                  8   0.2744   0.000   0.5586  96.750
  11     12      23        4481                  8   0.8320   0.000   1.9531  32.500
  12    -11       1        8449                 10   0.2744   0.000   0.5586  96.750
  13     22       1       12289                 10  -0.1533   0.000   0.8438   0.000
  14     12       1        8449                 11   0.8320   0.000   1.9531  32.500
  15     35      22       14721                  9   0.9922  20.000  -2.5391  90.000
  16     35      22       31105                  9   2.5391  20.000  -0.9531  31.375
  17      5      23       12673                 15   0.8438   0.000  -2.4609  54.000
  18     -5      23       12673                 15   1.1797   0.000  -2.6719  36.375
  19     22       1       12673                 16   2.3828   0.000  -1.1992  29.438
  20     22       1       12673                 16   2.3359   0.000   0.2446   7.750
  21    413       2       12291                 -1   4.8594   2.008  -0.0249   2.609
  22   -413       2       12291                 -1   6.6875   2.008   0.8516   2.422
  23   -513       2       28675                 17   0.8496   5.328  -2.4531  51.625
  24    523       2       28675                 17   1.1680   5.328  -2.6484  36.125
  25      2      71        8193                 -1  -5.6406   0.000   0.7891   1.949
  26      2      71        8193                 -1   5.5312   0.000   1.9453   1.785
  27      1      71        8193                 -1   5.3906   0.000   0.1333   2.914
  28    421       2       12354                 21   4.8750   0.000  -0.0355   2.438
  29   -421       2       12354                 22   6.7031   0.000   0.8496   2.242
  30   -511       2       12354                 23   0.8496   5.281  -2.4531  51.250
  31    521       2       12354                 24   1.1680   5.281  -2.6484  36.000
  32     11       1       12352                 25  -4.7344   0.000   1.2891   0.185
  33    -11       1       12352                 25  -4.0625   0.000   1.9609   0.086
  34   -411       2       12354                 30   0.9199   0.000  -2.4922  12.781
  35    111       2       28738                 30   0.8086   0.000  -2.4688  22.875
  36     14       1       12352                 31   1.1094   0.000  -2.7344  15.719
  37    -13       1       12352                 31   1.3125   0.000  -2.5703   8.031
  38   -423       2       12354                 31   1.1328   2.008  -2.5938  12.375
  39     22       1       12352                 35   0.8066   0.000  -2.4766  20.688
  40   -421       2       12354                 38   1.1328   0.000  -2.5938  11.344
  41    111       2       28738                 38   1.1016   0.000  -2.5781   1.039
  42     11       1       12352                 41   1.1055   0.000  -2.5625   0.137
  43    -11       1       12352                 41   1.1055   0.000  -2.5078   0.713

Event Number : 14
Idx  PdgId  Status  StatusFlag  genPartIdxMother     eta    mass     phi      pt
---- ------ ------- ----------- ------------------ -------- ------- -------- -------
   0      2      21       10625                 -1 22976.0000   0.000   0.0000   0.000
   1     -1      21       10625                 -1 -22848.0000   0.000   0.0000   0.000
   2     24      22        4481                  0   0.6309  81.250  -1.8672 102.000
   3     25      22        4481                  0   0.4395 125.000   1.2773 102.000
   4     24      44         257                  2   0.6484  81.250  -2.0547 105.750
   5     25      44         257                  3   0.5059 125.000   1.4727 102.000
   6     24      44         257                  4   0.6484  81.250  -2.0625 106.000
   7     25      44         257                  5   0.5059 125.000   1.4844 102.500
   8     24      44         257                  6   0.6484  81.250  -2.0703 106.000
   9     25      44         257                  7   0.5059 125.000   1.4961 102.750
  10     24      44         257                  8   0.6504  81.250  -2.0703 106.500
  11     25      44         257                  9   0.5020 125.000   1.4961 101.750
  12     24      44       16641                 10   0.6504  81.250  -2.0781 106.500
  13     25      44         257                 11   0.5020 125.000   1.5000 102.000
  14     24      51         257                 12   0.6504  81.250  -2.0781 106.500
  15     24      62       10497                 14   0.6484  81.250  -2.0703 105.750
  16     25      62       10497                 13   0.5020 125.000   1.4922 102.750
  17     22       1        8193                 12   0.1338   0.000  -2.0156   0.000
  18     22       1        8193                 -1   2.5000   0.000   0.5352   2.914
  19    -13       1       12673                 15   0.5723   0.000  -1.6914  93.750
  20     14       1       12673                 15   0.4170   0.000   3.1406  39.500
  21     35      22       14721                 16   1.8438  20.000   2.8359  20.062
  22     35      22       31105                 16  -0.0811  20.000   1.2969 100.250
  23      5      23       12673                 21   1.4570   0.000   2.7656  22.125
  24     -5      23       12673                 21   2.6094   0.000  -0.9688   2.500
  25     22       1       12673                 22  -0.2407   0.000   1.6289  22.625
  26     22       1       12673                 22  -0.0331   0.000   1.2031  79.000
  27   -523       2       28675                 23   1.4570   5.328   2.7422  19.000
  28    521       2       12291                 23   2.7969   5.281  -1.2070   2.102
  29     -1      71        8193                 -1   2.5859   0.000  -0.2085  19.188
  30     21      71        8193                 -1  -5.2031   0.000  -2.1016  16.625
  31     21      71        8193                 -1   2.0781   0.000  -0.1802  34.500
  32      2      71        8193                 -1   2.7969   0.000   2.4844   1.770
  33     -1      71        8193                 -1  -3.9141   0.000  -2.3203   0.660
  34      2      71        8193                 -1   6.1094   0.000  -1.8086   5.312
  35     21      71        8193                 -1  -0.6152   0.000   2.1406   6.750
  36     -3      71        8193                 -1  -1.0312   0.000   1.9492   2.711
  37   -521       2       12354                 27   1.4570   5.281   2.7422  18.938
  38    431       2       12354                 28   3.8906   1.969  -1.2539   0.377
  39   -421       2       12354                 28   1.8789   0.000  -1.5312   1.984
  40     11       1       12352                 32  -3.2891   0.000  -3.0547   0.949
  41    -11       1       12352                 32  -3.2969   0.000  -3.0625   0.631
  42     11       1       12352                 34  -2.4141   0.000  -2.9375   0.398
  43    -11       1       12352                 34  -2.4141   0.000  -2.9375   0.164
  44    421       2       12354                 37   1.4688   0.000   2.6562   6.469

Event Number : 15
Idx  PdgId  Status  StatusFlag  genPartIdxMother     eta    mass     phi      pt
---- ------ ------- ----------- ------------------ -------- ------- -------- -------
   0      3      21       10625                 -1 24832.0000   0.000   0.0000   0.000
   1     -4      21       14721                 -1 -22784.0000   0.000   0.0000   0.000
   2    -24      22        4481                  0   2.6250  82.000   0.5488  65.000
   3     25      22        4481                  0   3.8984 125.000  -2.5938  65.000
   4    -24      44         257                  2   2.5156  82.000   0.5723  82.500
   5     25      44         257                  3   3.9062 125.000  -2.6094  56.125
   6    -24      44         257                  4   2.5156  82.000   0.5664  79.250
   7     25      44         257                  5   3.8828 125.000  -2.6016  57.750
   8    -24      62       10497                  6   2.5078  82.000   0.5684  80.250
   9     25      62       10497                  7   3.9062 125.000  -2.6094  56.375
  10     11      23       22913                  8   2.3047   0.000   1.0820  73.000
  11    -12      23        4481                  8   1.8867   0.000  -0.5645  39.625
  12     11       1        8449                 10   2.3047   0.000   1.0820  72.750
  13     22       1       12289                 10   2.3047   0.000   1.0820   0.012
  14    -12       1        8449                 11   1.8867   0.000  -0.5645  39.625
  15     35      22       14721                  9   2.6094  20.000  -2.0703  72.000
  16     35      22       31105                  9   3.8828  20.000   1.9570  37.500
  17      5      23       12673                 15   2.6719   0.000  -1.9531  51.625
  18     -5      23       12673                 15   2.3672   0.000  -2.3516  21.625
  19     22       1       12673                 16   3.7891   0.000   1.8984  39.375
  20     22       1       12673                 16   3.3750   0.000  -2.1328   2.961
  21   -513       2       28675                 17   2.6719   5.328  -1.9609  51.250
  22    523       2       28675                 17   2.3906   5.328  -2.3203  21.375
  23      2      71        8193                 -1   4.3125   0.000   0.3691   0.539
  24     21      71        8193                 -1  -0.9688   0.000  -0.0096   5.250
  25     -2      71        8193                 -1   5.8594   0.000  -1.1719   0.414
  26      4      71        8193                 -1   2.4453   0.000  -2.4922  26.562
  27    421       2       12291                 26   2.4375   0.000  -2.4844  22.875
  28   -511       2       12354                 21   2.6719   5.281  -1.9609  50.875
  29    521       2       12354                 22   2.3906   5.281  -2.3203  21.312
  30     11       1       12352                 23   2.2578   0.000   1.7148   0.120
  31    -11       1       12352                 23   2.3438   0.000   1.6758   0.157
  32    -12       1       12352                 28   2.8672   0.000  -1.9531   3.492
  33     11       1       12352                 28   2.6172   0.000  -1.9297  29.375
  34    413       2       12354                 28   2.7109   2.008  -2.0078  18.062
  35     14       1       12352                 29   2.3750   0.000  -2.4922   9.375
  36    -13       1       12352                 29   2.1641   0.000  -1.9688   3.148
  37   -423       2       28738                 29   2.4375   2.008  -2.2578   9.094
  38    421       2       12354                 34   2.7109   0.000  -2.0078  16.562
  39   -421       2       12354                 37   2.4453   0.000  -2.2422   8.688
  40    -13       1       12352                 38   2.7109   0.000  -2.1172   4.672
  41     14       1       12352                 38   2.5391   0.000  -1.6445   0.206

Event Number : 16
Idx  PdgId  Status  StatusFlag  genPartIdxMother     eta    mass     phi      pt
---- ------ ------- ----------- ------------------ -------- ------- -------- -------
   0      2      21       10625                 -1 23104.0000   0.000   0.0000   0.000
   1     -1      21       10625                 -1 -22848.0000   0.000   0.0000   0.000
   2     24      22        4481                  0   1.5625  79.750   0.2300 108.500
   3     25      22        4481                  0   0.3262 125.000  -2.9141 108.500
   4     24      44         257                  2   1.4609  79.750   0.2998 125.000
   5     25      44         257                  3   0.4336 125.000  -2.9453 102.250
   6     24      44         257                  4   1.3945  79.750   0.2686 135.500
   7     25      44         257                  5   0.4863 125.000  -2.9297  98.250
   8      4      41       20481                 -1 -34.2500   0.000   0.3105   0.000
   9     24      44         257                  6   1.3906  79.750   0.2646 134.500
  10     25      44         257                  7   0.4932 125.000  -2.9141 100.250
  11     24      44         257                  9   1.3906  79.750   0.2715 134.500
  12     25      44         257                 10   0.4932 125.000  -2.9219 100.250
  13     24      62       10497                 11   1.4023  79.750   0.2637 133.000
  14     25      62       10497                 12   0.4893 125.000  -2.9141 100.750
  15     22       1        8193                 -1   4.2812   0.000   1.3555   2.031
  16    -13      23       22913                 13   1.1133   0.000   0.0502 118.250
  17     14      23        4481                 13   1.8320   0.000   1.2188  30.625
  18    -13       1        8449                 16   1.1133   0.000   0.0502 117.500
  19     22       1       12289                 16   1.1133   0.000   0.0503   0.834
  20     14       1        8449                 17   1.8320   0.000   1.2188  30.625
  21     35      22       14721                 14   3.0625  20.000  -1.7070   5.984
  22     35      22       31105                 14  -0.1250  20.000  -2.9688  98.750
  23      5      23       12673                 21   1.4453   0.000   1.6758   1.641
  24     -5      23       12673                 21   2.7734   0.000  -1.6562   7.578
  25     22       1       12673                 22  -0.4209   0.000   2.7578   9.438
  26     22       1       12673                 22  -0.0913   0.000  -2.9141  91.000
  27   -521       2       12291                 23   1.8047   5.281   1.6992   1.523
  28    513       2       28675                 23   2.7422   5.328  -1.6328   7.359
  29    423       2       12291                  8  -1.5977   2.008   0.1313   1.883
  30      2      71        8193                 -1  -1.7773   0.000   1.5273   4.156
  31     21      71        8193                 -1  -1.5430   0.000  -0.0779   6.375
  32     -1      71        8193                 -1   2.6719   0.000   0.7246   0.181
  33      2      71        8193                 -1  -5.3438   0.000   0.6680   1.340
  34     -2      71        8193                 -1   5.9688   0.000   0.6738   0.299
  35   -411       2       12291                  8  -1.6055   0.000  -1.0469   3.969
  36      1      71        8193                 -1   0.4209   0.000   2.2422   0.875
  37     21      71        8193                 -1  -1.8164   0.000   2.9531   5.594
  38     -2      71        8193                 -1  -1.0234   0.000  -1.9609   0.809
  39    -12       1       12352                 27   1.5508   0.000   2.5938   1.023
  40     11       1       12352                 27   1.7344   0.000   2.9688   0.570
  41    511       2       12354                 28   2.7500   5.281  -1.6328   7.234
  42    421       2       12354                 29  -1.5859   0.000   0.1494   1.789
  43     11       1       12352                 33  -5.3125   0.000   0.5098   0.158
  44    -11       1       12352                 33  -5.4219   0.000   0.5430   0.050
  45     11       1       12352                  8  -0.4326   0.000   2.4219   0.566
  46    -11       1       12352                  8  -0.3662   0.000   1.5664   0.016
  47    411       2       12354                 27   0.5703   0.000   0.5527   1.512
  48     14       1       12352                 41   2.3281   0.000  -2.1172   1.684
  49    -13       1       12352                 41   2.7109   0.000  -1.6367   4.734
  50   -413       2       12354                 41   2.9609   2.008  -0.9590   1.285
  51     11       1       12352                 30   0.1055   0.000   1.5742   0.136
  52    -11       1       12352                 30   0.2290   0.000   1.6133   0.105
  53    -11       1       12352                 47   0.0498   0.000   0.2549   1.043
  54     12       1       12352                 47   1.0820   0.000  -0.2295   0.397
  55   -411       2       12354                 50   2.9375   0.000  -0.9551   1.211
  56     13       1       12352                 55   2.4297   0.000  -1.4453   0.613
  57    -14       1       12352                 55   1.8789   0.000   1.2578   0.332
  58    111       2       28738                 42  -1.4648   0.000   0.7363   0.389
  59     11       1       12352                 58  -1.0547   0.000   0.7617   0.058
  60    -11       1       12352                 58  -1.0195   0.000   0.7793   0.113

Event Number : 17
Idx  PdgId  Status  StatusFlag  genPartIdxMother     eta    mass     phi      pt
---- ------ ------- ----------- ------------------ -------- ------- -------- -------
   0      1      21       10625                 -1 23424.0000   0.000   0.0000   0.000
   1     -2      21       10625                 -1 -22784.0000   0.000   0.0000   0.000
   2    -24      22        4481                  0   3.4922  80.000   2.1016  25.562
   3     25      22        4481                  0   2.9609 125.000  -1.0391  25.562
   4    -24      44         257                  2   3.5938  80.000   1.9219  19.250
   5     25      44         257                  3   2.2344 125.000  -0.7852  52.125
   6    -24      44         257                  4   3.7266  80.000   1.9453  17.000
   7     25      44         257                  5   2.2109 125.000  -0.8027  53.500
   8    -24      44         257                  6   3.7500  80.000   1.9297  16.500
   9     25      44         257                  7   2.1797 125.000  -0.7988  55.625
  10    -24      44         257                  8   3.7266  80.000   1.9336  16.875
  11     25      44         257                  9   2.2031 125.000  -0.7949  54.000
  12    -24      44         257                 10   3.6719  80.000   1.9492  17.812
  13     25      44         257                 11   2.2109 125.000  -0.7930  53.250
  14    -24      62       10497                 12   3.6719  80.000   2.0000  17.875
  15     25      62       10497                 13   2.2109 125.000  -0.7969  53.375
  16     13      23       22913                 14   2.6484   0.000   2.6016  41.500
  17    -14      23        4481                 14   1.4688   0.000  -0.1826  28.500
  18     13       1        8449                 16   2.6484   0.000   2.6016  41.500
  19     22       1       12289                 16   2.6484   0.000   2.6016   0.002
  20    -14       1        8449                 17   1.4688   0.000  -0.1826  28.500
  21     35      22       14721                 15   1.5547  20.000  -2.0391  61.125
  22     35      22       31105                 15   1.2148  20.000   0.2490  66.750
  23      5      23       12673                 21   1.4219   0.000  -2.0312  53.875
  24     -5      23       12673                 21   2.2266   0.000  -2.1016   7.281
  25     22       1       12673                 22   0.8184   0.000   0.5664  18.375
  26     22       1       12673                 22   1.3164   0.000   0.1333  49.625
  27   -521       2       12291                 23   1.4180   5.281  -2.0312  50.625
  28    523       2       28675                 23   2.1328   5.328  -2.0547   7.984
  29     21      71        8193                 -1   1.4297   0.000   2.5703  29.062
  30    -12       1       12352                 27   1.5742   0.000  -2.0781   3.797
  31     11       1       12352                 27   1.1719   0.000  -1.8633   3.922
  32    423       2       28738                 27   1.4219   2.008  -2.0469  43.000
  33    521       2       12354                 28   2.1328   5.281  -2.0469   7.984
  34    421       2       12354                 32   1.4219   0.000  -2.0469  40.625
  35   -423       2       12354                 33   2.1328   2.008  -1.9492   2.859
  36   -421       2       12354                 35   2.1406   0.000  -1.9570   2.688

Event Number : 18
Idx  PdgId  Status  StatusFlag  genPartIdxMother     eta    mass     phi      pt
---- ------ ------- ----------- ------------------ -------- ------- -------- -------
   0     -1      21       10625                 -1 22848.0000   0.000   0.0000   0.000
   1      2      21       10625                 -1 -23168.0000   0.000   0.0000   0.000
   2     24      22        4481                  0  -1.5781  79.000   2.6719 101.500
   3     25      22        4481                  0  -0.8477 125.000  -0.4688 101.500
   4     24      44         257                  2  -1.5820  79.000   2.6953 104.750
   5     25      44         257                  3  -0.8359 125.000  -0.5293  93.250
   6     24      62       10497                  4  -1.5859  79.000   2.6719 104.250
   7     25      62       10497                  5  -0.8359 125.000  -0.5215  93.500
   8    -11      23       22913                  6  -1.2227   0.000  -3.0312  69.500
   9     12      23        4481                  6  -1.5664   0.000   1.9883  59.500
  10     12       1        8449                  9  -1.5664   0.000   1.9883  59.500
  11    -11       1        8449                  8  -1.2227   0.000  -3.0312  67.250
  12     22       1       12289                  8  -1.2227   0.000  -3.0312   0.003
  13     22       1        8193                  8  -1.1758   0.000  -3.0156   2.211
  14     35      22       14721                  7  -0.9434  20.000  -2.6484  32.500
  15     35      22       31105                  7  -0.4443  20.000  -0.2773 114.000
  16      5      23       12673                 14  -0.9199   0.000  -2.0156  14.188
  17     -5      23       12673                 14  -0.8086   0.000  -3.0312  22.625
  18     22       1       12673                 15  -0.4834   0.000  -0.4873  45.875
  19     22       1       12673                 15  -0.4082   0.000  -0.1401  70.000
  20   -513       2       28675                 16  -0.9355   5.328  -2.0547  13.688
  21    523       2       28675                 16  -0.8125   5.328  -3.0312  20.750
  22   -413       2       12291                 -1  -4.8906   2.008   2.2891   0.396
  23    413       2       12291                 -1  -2.5000   2.008  -2.3203   1.621
  24    423       2       12291                 -1   5.4844   2.008  -1.7695   1.551
  25   -413       2       12291                 -1   5.4062   2.008  -2.9219   1.371
  26   -511       2       12354                 20  -0.9375   5.281  -2.0625  13.438
  27    521       2       12354                 21  -0.8125   5.281  -3.0312  20.625
  28   -411       2       12354                 22  -4.8750   0.000   2.2969   0.382
  29    421       2       12354                 23  -2.5234   0.000  -2.3203   1.465
  30    421       2       12354                 24   5.4844   0.000  -1.7422   1.434
  31   -421       2       12354                 25   5.3906   0.000  -2.8984   1.289
  32    -14       1       12352                 26  -1.1875   0.000  -1.3867   1.723
  33     13       1       12352                 26  -0.3623   0.000  -2.1875   1.988
  34    413       2       12354                 26  -0.9531   2.008  -2.1406  10.156
  35   -421       2       12354                 27  -0.7637   0.000  -2.9922  11.781
  36    411       2       12354                 34  -0.9551   0.000  -2.1406   9.594
  37    111       2       28738                 35  -0.5918   0.000  -2.8359   0.873
  38    -11       1       12352                 36  -0.8574   0.000  -2.0312   3.922
  39     12       1       12352                 36  -1.0352   0.000  -2.2266   2.344
  40     11       1       12352                 37  -0.5977   0.000  -2.8125   0.777
  41    -11       1       12352                 37  -0.6777   0.000  -2.8281   0.074

Event Number : 19
Idx  PdgId  Status  StatusFlag  genPartIdxMother     eta    mass     phi      pt
---- ------ ------- ----------- ------------------ -------- ------- -------- -------
   0     -1      21       10625                 -1 22784.0000   0.000   0.0000   0.000
   1      2      21       10625                 -1 -23232.0000   0.000   0.0000   0.000
   2     24      22        4481                  0  -1.7773  84.000   1.9648  55.625
   3     25      22        4481                  0  -2.3594 125.000  -1.1797  55.625
   4     24      44         257                  2  -1.5352  84.000   2.6016  56.375
   5     25      44         257                  3  -1.9766 125.000  -1.6641  75.250
   6     24      44         257                  4  -1.5312  84.000   2.6250  56.750
   7     25      44         257                  5  -1.9570 125.000  -1.6836  76.750
   8     24      44         257                  6  -1.5391  84.000   2.6172  56.500
   9     25      44         257                  7  -1.9609 125.000  -1.6758  76.750
  10     24      62       10497                  8  -1.5391  84.000   2.6172  56.375
  11     25      62       10497                  9  -1.9570 125.000  -1.6758  77.000
  12    -11      23       22913                 10   0.0289   0.000   0.9434  20.750
  13     12      23        4481                 10  -1.4531   0.000   2.9609  62.000
  14    -11       1        8449                 12   0.0289   0.000   0.9434  20.750
  15     22       1       12289                 12   0.2686   0.000   1.1016   0.000
  16     12       1        8449                 13  -1.4531   0.000   2.9609  62.000
  17     35      22       14721                 11  -2.0156  20.000  -1.5469  73.250
  18     35      22       31105                 11   0.4102  20.000  -2.8281  10.312
  19      5      23       12673                 17  -1.7969   0.000  -1.9258   7.703
  20     -5      23       12673                 17  -2.0312   0.000  -1.5039  66.250
  21     22       1       12673                 18  -0.1982   0.000   1.6602   7.531
  22     22       1       12673                 18   0.4053   0.000  -2.2812  14.094
  23   -513       2       28675                 19  -1.8594   5.328  -1.8320   9.312
  24    513       2       28675                 19  -2.0391   5.328  -1.5117  62.750
  25      3      71        8193                 -1  -1.0234   0.000   0.7695   6.484
  26     21      71        8193                 -1  -0.1694   0.000   2.0156  11.062
  27     -3      71        8193                 -1  -0.0952   0.000   1.6641   3.773
  28     21      71        8193                 -1  -1.0469   0.000   0.7441  19.188
  29      1      71        8193                 -1  -4.5938   0.000  -1.5391   0.564
  30   2101      71        8193                 -1  10.4062   0.580  -2.6016   0.247
  31   -511       2       12354                 23  -1.8594   5.281  -1.8281   9.250
  32    511       2       12354                 24  -2.0391   5.281  -1.5117  61.875
  33     11       1       12352                 29  -0.0369   0.000  -0.3818   0.003
  34    -11       1       12352                 29  -1.0586   0.000  -1.2656   0.069
  35    -14       1       12352                 31  -1.3984   0.000  -2.0625   1.832
  36     13       1       12352                 31  -1.5547   0.000  -1.8672   3.820
  37    413       2       12354                 32  -2.0078   2.008  -1.4375  23.500
  38     11       1       12352                 25   0.1938   0.000   0.3242   0.034
  39    -11       1       12352                 25   0.2476   0.000   0.2031   0.137
  40    423       2       28738                 31  -2.2266   2.008  -1.8789   3.125
  41    421       2       12354                 37  -2.0078   0.000  -1.4375  21.562
  42    421       2       12354                 40  -2.2266   0.000  -1.9141   2.766
  43    -11       1       12352                 41  -2.0078   0.000  -1.4336  18.500
  44     12       1       12352                 41  -3.1875   0.000  -1.1250   0.089
